1995
1631
14838
22711
47963
26245
32110
15828
27506
2058
42962
4676
16791
49230
15870
24301
9187
4510
15967
41445
5002
42851
23305
32449
36979
15742
36095
2463
33199
2663
25888
24461
23455
36091
15812
10195
49908
47035
28751
509
35378
24650
19448
14197
29253
20986
35886
42365
42528
36651
21305
3827
36733
43654
43743
26811
41965
47525
173
2935
48576
34483
10666
13547
43752
36510
48103
22387
18241
30322
44531
41118
28732
1912
10014
30040
3259
23966
24372
22822
9197
2708
22633
47551
33263
15655
22208
13157
28073
36331
16520
6977
44563
27106
12137
19365
6704
13777
34216
7036
36262
20531
44991
27117
19063
30220
30619
13612
21988
48667
8516
38641
20685
36075
44905
4113
47878
29457
30634
1056
38982
8496
14460
12622
34019
31063
40030
30277
905
7588
3390
23217
10609
23335
33350
36057
48406
41285
13686
17247
1433
10883
12347
33836
949
9925
33241
19897
4180
2362
19783
37006
18829
5325
30993
32431
10397
25048
20022
2675
48268
21590
36676
24431
45466
25105
41077
11759
20756
38837
36062
16911
