15687
15634
4792
33373
25018
14576
39406
27169
35760
44502
47710
16532
5170
31132
35207
45612
48075
11116
33658
38984
13521
18464
22715
8122
28254
20914
4669
41867
5411
24071
1534
13345
59
15096
42669
19947
25795
12007
27664
27334
15135
29839
48472
48441
45641
47663
34978
20985
30995
10252
7618
44987
43848
42764
37642
24773
22873
40801
23492
27111
746
24092
23551
9440
24278
25777
12573
18603
15712
29183
24958
39241
41688
223
36034
19010
26116
46301
48893
43533
5221
34767
12880
38442
8705
22675
10059
31170
39196
13487
21112
16964
47970
16288
49924
34482
17483
23988
13787
48369
27475
46800
22784
570
37273
47807
49726
47045
6886
10673
9296
43876
18217
48360
12809
32530
40284
5775
41871
43537
8446
47399
39822
23122
898
29103
9999
30119
33050
9667
1718
27798
46408
10734
3894
40510
40320
541
17381
36960
48787
18170
32160
38864
49986
29709
42163
32175
24976
5365
2379
