12489
29469
11272
3415
22485
46647
5563
28853
26092
23664
25387
36995
120
28163
42926
10524
28050
37640
48145
30155
4476
32419
6386
14246
4169
26633
19651
564
38180
2442
19975
14215
47205
11306
19798
48944
18652
30215
32893
15519
46785
41296
34316
888
45207
9236
12684
38287
4855
7732
2766
42323
46583
5409
23772
22412
25560
20194
43076
30452
8209
48882
44782
15100
30447
15692
49108
35580
49348
49389
17358
3971
30450
48088
48896
15908
18622
7834
14944
8236
39328
14069
38424
35701
46139
9283
3008
21894
6934
46324
123
7144
31959
8669
28070
10694
27237
44918
34942
49757
7943
47820
40591
45373
47944
45038
8018
6094
48899
34130
19998
48138
3107
33188
39514
17784
44573
49946
38535
11798
16110
41908
48261
13715
29732
43219
43794
39915
23085
27150
34466
24794
43694
16707
42169
25097
12928
3367
27606
46891
26161
22478
44091
47042
18132
3034
34320
17621
3024
41629
45311
3086
38419
21344
17952
19725
6879
9793
39434
46043
29353
47923
19326
46908
40788
33063
16125
12062
23118
8017
15805
45520
28326
23863
8039
8932
45687
9130
49616
34138
25004
23632
24872
40772
32426
30289
24123
31101
32042
10493
40897
9871
32130
11166
49797
24435
9660
49926
11889
37583
12221
32673
21681
19184
5801
42763
20900
13593
46206
8959
32819
1075
24284
18983
18143
37953
20359
43134
28595
21318
23948
26679
16313
46232
14037
29815
35659
27168
31624
5100
34387
9928
49250
24739
16927
40463
26140
24329
34557
46134
8114
14193
27776
25677
45377
4612
781
