12888
20445
39251
48940
27253
42503
2392
2228
17643
4979
3078
40746
6277
46633
21106
31974
38218
37797
19331
37942
7966
33519
10407
44558
20764
26155
46836
12190
10267
1776
14130
32721
12385
27414
937
41057
20239
8405
27553
28929
19219
606
32129
34156
45420
36981
15616
34899
32754
49408
42847
30413
2423
11859
32284
34185
11986
8154
16187
48549
29917
42162
13459
36237
22403
7924
44989
10436
24647
9959
46544
23775
27912
42097
2687
29326
12660
6514
35719
47226
46790
26434
21453
9346
18638
49520
9496
13591
32632
44247
49768
35182
34061
45138
41781
42087
4863
30190
31764
14
39015
7207
47385
14655
39162
1279
34202
28584
25021
214
22617
31440
11363
15011
45181
3766
44769
8602
23884
48152
5063
39904
18751
43555
38849
42357
30647
3740
39188
41074
5225
43148
27973
14818
26862
29365
38274
37870
35746
34510
47206
27848
4429
12578
39149
17241
35972
40639
24051
41375
44526
20271
46055
11845
5036
2775
43562
33427
23168
16220
31068
7348
40236
6130
8272
49535
5769
16613
49445
23534
24921
30877
10090
9216
47979
40492
29692
26632
24820
16737
11719
36363
2627
19808
39622
16194
25893
35300
18009
1384
12848
35318
17029
37239
16642
11041
26034
25153
8238
21815
9692
34672
31383
39579
33153
36220
5067
18341
32766
40954
42091
5559
44340
13971
25231
21546
49367
13749
3453
48263
9618
35667
46044
47478
29629
34972
28914
18791
19653
33718
35057
11171
27051
30453
15503
28535
46543
9844
48048
8411
6062
19073
37101
13921
21415
47789
6370
21880
47258
40920
21309
4123
42341
15215
4890
21951
49858
29412
850
19696
27451
25788
6893
38943
7500
8540
8046
2714
33592
14769
43940
38107
35452
48887
47373
27956
31618
5623
24948
16915
21744
45965
32490
11876
2125
4876
16524
29722
39503
24978
3022
29567
9911
2272
37716
8638
33870
11492
42125
28308
21055
40622
3525
493
42117
8078
10132
4085
31019
11537
33465
19267
39130
7960
18814
31760
48628
23382
32477
28567
49066
45604
3913
41318
159
11123
45022
30897
46459
45192
49978
16682
32264
34456
10142
10636
40830
14729
33693
41009
41790
8098
30726
42570
21496
45643
37285
49437
18764
27100
2027
4709
48241
25634
18327
42076
44471
36620
22265
39499
36847
22802
14679
1437
30771
44951
33776
46530
26331
7505
34083
46898
21207
37997
11840
34396
10991
31664
39053
41710
47992
36093
32073
19724
1205
544
44858
30198
13048
23711
35656
15316
11733
27774
40241
33850
48187
10291
2918
25751
42509
28533
42489
15536
27668
30590
32060
30755
47123
24922
45390
7378
38464
34545
36769
33348
11388
3547
5154
25664
17370
30173
9231
40605
18417
37810
33202
500
40468
711
48364
1189
24066
25639
25590
25418
8474
10724
26840
12000
1202
49260
38595
45658
29487
12364
17562
48539
33852
32350
39275
22865
15117
1340
13901
44485
27618
32627
30246
11486
9862
27847
46651
25315
48583
47391
34889
6561
41182
867
21310
171
5871
17001
4631
31889
10909
29798
3213
21866
9442
9713
23308
37822
7999
12229
7845
3050
9224
41644
6905
12369
12231
5522
10056
1421
48914
39712
49539
958
3641
21708
13160
5604
6693
25383
2422
32346
25855
6853
28363
12011
8586
25226
49276
35458
187
37941
3748
12507
28209
21976
12088
29443
12915
33663
22834
30596
35546
19263
32303
36842
39271
4653
24714
9946
43933
8326
10862
44417
27011
23869
34000
23844
43482
46935
10125
6099
19243
49225
48198
28977
22177
8085
25484
5551
20204
42986
29342
42288
5828
38155
26552
47523
38585
10329
2259
9777
24965
37485
12082
16338
47778
34045
6745
30125
36284
23138
36100
4867
37923
46315
19065
35352
19229
43461
45568
45072
34436
24695
8782
11068
37306
16629
1085
4017
35213
204
8382
34958
47398
1301
277
18722
26303
33595
28849
47149
17115
45707
40820
40138
13672
5778
46386
30462
31150
47314
48507
4374
46289
38594
44166
11188
117
15772
28651
28586
14357
17306
39332
36559
45607
31920
25791
45413
45106
15103
41706
41321
7726
19233
34829
48635
17282
36303
9361
33899
830
2802
11673
833
30624
42990
48658
13676
2426
12454
25934
11683
37728
30310
26083
1372
7866
28823
21578
41242
48335
21984
35823
30967
39545
25245
23512
45030
37340
19997
10422
10499
26243
6460
22742
10171
10379
21856
15280
23759
12395
18729
31494
3470
28333
39295
2981
14793
13727
46517
37667
39126
44090
41157
36355
11379
12876
4478
24483
5147
21461
48426
14614
37880
11210
17388
17782
9311
45217
48283
43352
27530
21111
20612
24346
28448
28709
22939
604
43779
13421
17083
13065
37915
19565
40338
8993
36533
1043
43530
6223
10377
24208
44096
49656
25354
18763
20884
45781
685
45987
22521
42086
8692
22098
16168
46808
27588
39059
38954
40575
13955
17130
24671
4346
32055
40527
27067
3500
1670
49759
22573
40955
32474
2999
28601
38474
7362
24339
35514
13192
5848
16624
42508
28887
2269
49583
21384
43156
12244
35241
28473
15964
23872
7090
6063
46861
29071
15941
17673
32263
41988
28645
22454
31862
637
21520
32789
4601
31217
28046
24750
37200
46119
8609
11337
22319
14397
7808
19721
18605
23708
48080
42590
49235
33950
47497
31374
40590
1118
2068
23922
43851
10509
31303
19262
8787
38785
5528
33818
19302
37424
33278
28884
32542
13520
8461
22444
14593
36736
3393
44756
45576
45988
6571
29733
10975
14188
10239
13263
21218
28428
37980
7365
8844
30735
22160
11299
43992
2376
42941
25148
40125
46747
49808
36302
47430
16155
44486
16145
18080
33481
25878
17839
9350
36017
27364
20415
48262
17711
30582
31441
44287
38327
11582
3119
23678
48223
24605
39466
35453
48548
29110
2837
46428
46797
43906
19853
32799
32192
42704
8962
647
47305
39405
