16119
488
28490
32580
17385
28327
30444
15953
35531
25693
28045
44136
33077
26494
3116
24459
45767
13579
44316
5595
1965
18008
21400
25977
47614
39207
28474
31416
27165
46932
41923
9493
26690
21707
29422
35816
31535
16650
17506
22294
20959
13583
31333
21598
2544
21806
36713
38841
18538
35979
44461
1803
40873
18270
29969
30252
30915
32234
6865
5184
47683
33023
29840
9104
6769
6340
35020
14636
48778
3975
47174
2006
27513
22924
25850
14973
47541
16079
30857
16499
28699
27482
36373
7985
30846
7430
7280
25064
42887
19026
33247
13278
9711
26189
41470
36878
9179
39089
22614
35469
9181
15551
47460
6229
7677
2062
34347
25070
24596
31649
12410
28014
44557
17844
21495
15478
8105
22941
32333
23404
33289
42731
22224
19151
25114
42305
18460
11593
1462
45995
19092
45255
41634
9613
46079
33144
36589
7209
24444
8431
46482
27346
13711
11474
22513
47925
4726
48617
45975
33248
29462
39197
11952
82
25966
22881
9341
41180
44795
9037
39335
21837
25217
5602
26009
14933
41848
31410
39890
27467
29389
16142
33520
15497
7961
23320
3668
3870
7684
28598
10176
4317
40635
2881
36537
14508
25529
40028
3556
48040
1357
28542
23336
49828
46985
4122
12427
2344
8096
5131
29921
44967
8876
26098
15133
6862
35091
9278
17401
26482
20315
45623
8391
9328
43188
43540
24312
32777
6413
47222
32731
29345
35904
44020
14642
44445
34076
38188
36661
17407
16183
45220
45926
39397
9596
37680
7349
34161
29397
35126
9919
24639
45810
28179
16284
26882
47512
16105
39595
22588
