7823
36077
36209
46204
25880
89
46140
3230
49218
31827
41712
41602
40274
37366
49291
14684
25580
39609
42705
3910
23958
24787
31625
2146
19087
40404
3997
25193
3769
23891
48582
20520
27244
38167
38446
15454
40852
1475
44344
15440
23829
41007
20526
9669
16623
37053
23749
33396
42896
45873
17513
18284
19775
19099
17675
20484
4747
8963
36705
16966
47024
17467
41391
46036
35840
46088
46737
44219
48706
19050
49001
48411
26610
15674
11096
8956
28784
2993
22758
28995
45669
31332
11075
15484
46834
35386
25867
35943
43629
28640
35956
21065
3585
31858
458
1994
5957
6717
19145
39966
38208
41959
14173
9416
41964
45018
23
35450
31436
49343
8282
21085
18259
39443
33572
44686
48578
40199
41454
38976
11940
17375
49378
36179
21955
942
26296
39447
47976
44554
27394
20001
6044
23517
42174
32891
5567
699
25118
42937
39211
35756
20289
3549
23633
45087
33632
36255
36139
46820
39160
43424
36128
5050
1445
14286
26423
19748
16321
20316
26403
8732
28233
47952
22348
13883
22944
23241
20507
8310
41152
22379
45674
47037
7549
7756
27128
37173
46524
22488
45790
43542
36182
3018
11287
49292
20573
1453
6183
22007
7945
14242
40905
36831
17984
28529
22082
47713
4647
3015
27222
35036
35506
9675
29249
42334
34584
16077
46641
8372
16461
6764
369
19400
1612
11469
24654
33219
18342
3821
15054
32301
28636
578
44004
41294
16293
16335
45536
30617
24790
19260
17633
16618
41760
38769
23330
9786
18719
35727
18466
19211
30270
36635
18025
11969
44931
7839
12355
39721
44345
41309
12677
24162
26752
18706
41200
36090
43011
38373
4322
43989
20302
30002
27704
32954
37868
39077
6531
13537
6000
48245
7617
1415
26329
6480
26107
49907
17696
49088
42611
3507
44998
7856
16343
17799
5714
9242
18039
12111
24059
43275
45812
25980
6907
29925
23596
39949
45947
9240
690
26376
2138
41171
15333
32595
2237
39581
37385
19480
3271
22887
46033
48705
16290
20836
41241
32085
37393
24078
31049
4577
36105
4533
1431
4276
17277
28303
45329
42602
5593
17718
30115
4277
49068
45896
33352
2136
34326
47672
16983
18894
8885
27397
36261
13060
15739
23044
5315
30384
47862
43114
5686
5883
25903
14631
8007
24041
44208
518
42144
31756
45150
47484
21063
21971
28708
27815
34221
13776
48202
27551
6015
22765
15888
20511
22546
34343
35153
13382
8034
43737
14141
1371
24971
48442
30053
22833
19717
31375
9690
15421
5829
26832
9696
49945
41777
44230
43843
11074
36775
12486
3429
25318
7311
14613
27321
20544
43323
3263
3906
17059
45167
18863
13454
8822
18060
23535
33416
44049
19532
42605
963
4696
7072
38391
34077
31559
9244
45583
923
46858
29155
4371
39541
29319
22057
17047
23511
19417
35070
40203
46108
13652
36407
4340
8552
36130
38225
49574
44566
17937
22880
1701
19032
43846
24502
45120
5455
633
29366
49653
14962
33459
10102
36247
34612
1447
18308
4670
41167
43960
27716
39976
36649
19259
30775
21838
3010
35690
24669
21304
6920
45292
9568
3836
32177
15088
7424
26541
20014
7806
14764
8022
39098
27550
14049
2719
27796
29926
48894
42380
16189
10618
3752
24288
11099
3234
30580
24054
15205
1165
21930
36728
14743
24771
23540
16790
5005
49676
30532
23889
42645
27326
25758
20593
28612
14289
4725
28919
28237
6268
8228
27693
6675
31517
9456
11173
4469
31259
35320
8742
34010
37639
40072
27621
44264
3165
34087
38624
26736
1924
46191
28361
12502
5505
8259
15991
15237
37187
4339
25184
42729
