22789
36494
47443
46764
49175
29558
14634
18666
19503
35288
24842
1083
22185
10572
7703
9172
445
4964
6021
8698
22739
30631
45670
14032
36040
26188
36729
1557
30894
17709
9836
46333
39225
4489
42612
15543
32176
35125
40266
10784
42958
19841
21049
38867
25479
2764
24776
18385
14103
37005
8980
9617
20331
31622
48217
34011
27700
11418
35647
26077
47709
35652
26087
15640
24677
12903
24110
9630
26346
7977
47837
42585
20095
49406
36837
766
13350
44993
14824
19973
9258
3341
37516
13339
43818
7704
19275
33657
44148
19422
30089
4181
44381
17151
7301
36277
11920
14230
29906
39311
24775
11839
7582
44926
6339
41665
33762
33378
26950
20485
3858
43500
17851
45342
8647
11589
30362
25849
11491
46609
25429
2393
308
14592
4553
48248
33308
20330
24117
16186
11895
16196
2846
38942
20787
45488
17079
655
12156
15434
20158
6939
23572
9233
16049
22511
45738
43730
24413
13425
5209
49356
22447
30869
25051
48222
23080
25477
2479
36975
40478
7935
48147
25854
29718
6899
1324
28972
23363
1765
48941
32774
30833
24520
40632
17691
18959
48557
872
49679
18269
8257
36417
38605
47701
44575
36297
44119
39933
47668
40864
24556
40514
28403
8346
2711
247
22514
24729
32373
24347
31287
38082
45901
48640
14106
3797
4025
8979
29306
38795
23826
5699
3324
26390
13323
36362
9095
47924
42272
6730
26372
8897
44611
233
35903
37002
42402
34454
46812
6168
17831
6753
41207
33360
21100
42604
37154
25811
4898
26388
21229
16873
39706
42785
3722
46491
46168
15459
10515
27993
7175
9132
49514
13546
2557
48370
30556
26410
6029
11607
29361
42651
40081
43176
48513
