25991
14611
47476
36988
37079
21307
48738
47307
13042
13914
36202
30665
37489
45235
14451
16989
4652
13526
41128
25877
39928
46902
8543
29711
30922
38178
31198
27851
10795
3006
24712
28632
38566
32503
25670
30107
11529
35323
46857
24946
28568
34178
14879
29246
27979
25066
25055
23415
35966
43030
44286
39394
31767
38113
44762
11694
15627
1273
37967
3529
48067
4407
7338
13142
21090
42042
15745
6133
30258
10327
7024
33418
33891
43557
15074
23161
49957
32563
16423
29441
40016
15977
47068
16348
2742
21056
6270
45032
22287
45852
34247
31632
45584
48390
42296
35457
19889
5133
36003
49620
19819
45397
8079
5757
4223
20988
17357
8218
39301
19890
28290
38127
40917
2880
