17267
27756
11828
40097
31565
2437
34281
28409
21268
41716
38925
1237
36118
33069
12859
13426
1673
41739
37841
32243
4177
14696
33167
41429
35835
26824
7157
39791
13750
39353
47377
43448
21064
44797
35735
36639
34680
3678
27907
47953
49791
12672
11891
29779
25134
35230
15143
12341
37522
4102
43428
35027
36462
39985
26200
7594
48137
29362
20219
26741
14553
35242
37609
29367
36025
17729
24218
18382
43318
14121
36349
18245
49178
12219
22332
14564
3251
25158
2593
11121
35870
49045
2189
42832
39925
19482
23967
13398
35098
49512
2649
30475
22642
15317
29947
35820
39263
26181
16218
14541
46949
14322
37732
1048
7835
32574
31489
9980
22571
30378
23301
1203
22982
27223
48632
4665
35217
20694
49310
25702
18197
32565
4628
4886
5248
19438
6358
26749
42581
16327
32116
30388
3586
28500
42752
15049
25825
24916
42055
14523
25838
21306
36469
38764
11923
24534
11030
4627
13195
5925
47779
20246
25964
28940
43699
35918
40414
17650
11875
31368
9479
42983
2799
23712
31062
45111
1736
29343
