15534
30814
48106
45889
24653
29243
33582
9155
16888
20948
20200
19308
35558
3601
38633
17300
40412
9737
33492
13095
9353
14315
15936
8868
17774
15803
46296
42744
34020
47058
22968
38323
28188
6549
30851
3845
47610
28020
1796
26778
45156
37184
5037
34526
16553
48791
6596
42029
45437
15860
25181
29948
22239
30263
45938
39069
37547
31210
34211
10308
30207
11723
16820
49861
28642
32389
18744
24160
35750
16678
22681
33442
2197
29173
12240
15538
25399
558
42859
31506
23252
2872
17948
36702
3650
4255
34616
22613
36159
4398
39991
8973
10144
1401
9164
38796
30605
31515
3689
16277
6122
30862
19691
18779
22733
41213
16763
23374
40428
10489
12356
43845
7491
45148
47108
28646
39429
35152
5264
7963
1176
32446
43234
11371
36626
49104
8237
23832
21569
16140
37451
6858
7180
13124
47358
28506
27947
22543
17334
34821
5478
21558
12254
30829
38799
37871
5684
17308
20979
2645
35321
49959
5927
43966
987
12630
7958
11791
24510
7621
221
8181
12439
18120
43740
8519
42722
40900
4308
22371
40029
48678
7058
23361
2703
79
45791
20062
38177
47069
17560
40676
2882
7092
17840
7272
25962
16825
17382
46349
6989
41044
231
843
28768
10213
37234
49224
37909
10389
24358
1879
2400
42676
28618
34985
23549
12671
31970
32547
24428
8734
3336
41261
8790
11933
38154
32647
49475
17348
15557
29624
20620
1193
26008
20172
12264
39584
45407
36245
6498
41805
31054
26582
48111
33038
39998
30436
45062
47155
11833
22220
25154
6330
31260
48581
42549
4543
14385
46687
36888
33690
18349
