39189
17466
40454
20899
34085
42428
535
36103
36680
48205
6457
37973
5674
21876
38969
11219
9715
47257
41604
45807
18123
24942
23785
24877
11856
10210
48254
7730
42324
8656
11621
29087
20641
42753
1887
49396
24374
27360
13945
7937
18905
49821
11352
39568
19446
28523
41066
33827
30964
31331
35032
2995
29207
16541
36721
18160
38290
25969
24747
4245
44933
18512
44398
17409
40579
13131
47153
20750
21857
15508
36239
14837
4613
44078
42767
46351
36042
24990
1900
47183
348
41370
21925
12349
19322
21361
25779
18439
25610
7028
5139
47302
30908
18615
4037
32828
16103
23824
38084
45731
31282
26904
6165
20911
1275
5018
49020
19875
35163
25419
46682
19286
28444
8010
27877
26399
1626
33907
839
49900
18587
4406
33585
49425
8605
9791
16511
20500
48255
26563
4355
17540
8818
23994
16503
30344
26462
13925
39637
7132
14640
28175
8718
26097
8539
13033
23916
43828
44391
9424
23840
33505
35342
13358
43180
32094
23807
31878
48849
19898
28334
28434
44881
3932
32764
27894
31659
2312
48182
34150
4024
7379
35515
30124
30874
38362
16428
28987
6462
26
20995
16979
35111
28630
30572
3653
17081
35084
21687
22404
33812
49383
47273
37476
49016
38294
6379
7283
47319
27975
16205
34421
9138
41528
23755
40332
41608
20646
39246
8329
8598
8884
26260
33868
35818
5532
8171
20313
28061
49896
41846
12061
36524
37331
41500
40363
38182
13186
2862
18650
6671
49024
30157
20688
45524
47920
7570
30818
44945
13188
43260
47960
6991
47801
24351
29764
30013
24699
27911
42868
8460
6474
35404
24131
47539
14003
39006
15130
12432
18307
22166
32944
6942
37635
21991
9468
5777
6372
24389
23945
700
6057
4442
28005
27249
42178
40334
7014
12752
31043
27125
19273
6397
46531
16073
44565
21012
36545
14022
27889
4984
42299
18597
35050
46409
48172
5932
30593
49517
49412
47114
45632
4536
18837
41764
35181
19371
16944
44165
20858
24013
37022
34310
26534
8671
22744
3889
37198
4952
36097
43625
33611
44048
43987
32861
4937
15780
37552
5922
18618
20512
16052
2025
1274
16550
44749
38561
40200
28115
36710
6155
181
25770
34748
16734
23808
19139
34979
2849
338
17212
35897
8468
30216
30073
22283
15172
31831
14658
20206
44763
13359
36189
25110
23662
42465
17217
13437
42501
28596
10882
27512
13379
40631
38869
24105
3344
7050
16835
16057
46122
35945
22811
9619
18477
21714
40753
34921
24146
7179
40680
19899
13984
31586
25874
21514
35646
9912
17019
44687
16993
10098
40129
8542
40219
26134
36992
10261
26283
11461
4189
30525
28973
43505
27533
19428
4161
49387
32699
27220
37634
35513
2053
5553
46558
26244
43307
13151
42092
37608
44852
47811
47368
15750
36973
5080
9042
2946
11448
28184
38659
24966
36298
31580
48504
35775
36983
3224
46457
19910
10651
27257
3921
3582
2085
2356
23648
1338
44781
48573
37297
5030
24482
37804
16341
34598
14432
21350
34632
38329
30086
14532
5028
11251
9238
15492
13363
24925
42005
38447
22267
19791
3035
20192
26852
18411
344
14144
49765
15971
45735
31842
14815
6752
35806
47244
4200
34131
1751
36276
37975
1932
38816
39671
12685
2029
7495
17488
44901
505
37930
31330
34094
31631
32236
6520
45502
27213
16633
751
15530
35281
17807
10490
1723
2553
39542
8193
11935
20311
37812
43961
14711
8025
49548
44885
44267
36194
46473
37416
30323
28047
31221
31110
47237
2888
41466
36072
1028
2696
16580
45131
43972
15420
47346
10543
5491
12344
49409
