2383
8195
41116
2548
43020
20097
12665
9222
24685
8219
1425
43785
7652
38926
2681
33965
33300
4114
4994
29678
33716
7682
11288
8538
32034
14050
7801
35454
17068
14521
33237
48815
32178
5443
49977
6510
10284
4493
31601
24724
19320
25471
47857
39468
46545
25676
12470
42182
18130
6424
34504
15589
48880
3450
27369
15985
20525
47256
14439
28396
23542
2969
18427
23779
25483
20240
12195
30753
43203
34489
18962
24246
24125
21227
26021
43077
30442
15125
12525
7172
6484
1350
4974
25746
26923
8151
2625
206
14742
8713
10561
47873
30975
18418
39960
38194
19245
10628
29051
49593
37865
36357
2516
17960
43084
18637
