25287
44682
26574
13155
13683
2179
31635
49027
1925
30766
16811
8830
45653
18793
5884
13312
14947
29075
7258
11633
15258
14850
7437
35391
27653
9990
12580
44873
36933
44576
31621
6986
30196
21785
34171
41266
12339
27809
46283
42713
43954
12451
41569
24632
45935
14142
15043
14160
18391
11836
46541
46780
19694
15286
27674
38037
2330
7445
9098
12134
5111
30283
34108
20888
18858
23589
40465
44626
17610
39102
20116
5105
7780
47225
23272
297
35437
6482
25372
26701
19600
723
5934
21257
25196
14249
8266
20601
16156
16094
5973
25728
20370
3171
43868
2825
25288
33993
35059
32818
17576
30660
11661
21728
47111
11266
10680
17018
21789
25137
28166
43183
8532
45316
13406
27728
38804
36908
46051
37118
39974
17695
13773
25951
16068
3991
37336
14010
7225
21342
14730
1889
24407
28602
4731
9563
21336
24779
40857
14739
15276
11083
25491
47534
22246
28541
5707
10940
17661
17476
40734
1921
32058
13843
23239
25599
34535
11445
10156
19197
41823
31825
14817
31188
1591
2592
3990
36035
15373
7107
28406
4022
4718
22386
44074
16464
25403
6987
8673
33704
9954
34601
10092
33828
1602
22604
42466
7163
49393
528
4871
5834
25120
30730
6864
15207
14694
18552
35595
21568
30554
43127
9045
1190
23558
639
46285
46342
49273
13911
14320
48828
19408
44226
16586
41958
17203
43005
12517
38035
37252
10204
40543
21314
14643
29356
14089
1365
29864
40096
8381
17193
18813
21477
49245
43226
9404
868
33549
26998
22803
21039
47267
20796
7112
26595
17218
28527
44474
26912
28367
39360
17804
48393
15885
6966
4566
22594
13085
8188
10641
44720
26448
36591
44608
22235
35083
27020
19536
8674
35702
37621
46022
3645
4983
36499
2351
13480
17507
46573
39717
14402
31904
2361
34552
18750
43920
30561
8394
38939
8261
2865
32785
45280
5211
38728
4300
4047
42582
17196
36315
9594
49189
20112
548
38782
15134
45875
18352
25673
360
47055
20413
37330
35267
20322
28957
30648
19527
38269
4897
23651
30360
18001
14915
29701
44083
29865
19167
41914
48173
2
38723
29386
18786
14285
511
28757
40652
2051
48011
483
6597
40327
13636
5732
34081
24626
3995
45189
44670
37014
33445
49179
25473
47335
33822
39774
4372
14394
40530
15446
19941
9741
12179
4015
37500
46412
42238
34243
19394
3793
32479
33004
5247
22974
39676
46896
31146
5741
26627
9376
23490
17139
41903
7919
22234
11956
27136
5292
39419
25500
34183
2860
35118
33562
22477
43113
33703
12044
24557
15462
9391
49116
40815
23837
31037
38893
34536
6687
13620
28426
36627
37653
49684
2856
48703
15102
24624
23904
45042
9834
46102
11129
28814
45376
11205
23906
208
49931
23119
32637
10414
46229
42315
3925
48229
40893
20024
44707
26515
7446
3931
23682
11527
34273
4258
42853
48024
40539
5744
23432
10330
47566
35938
29073
42950
7923
4557
4840
47175
5065
3126
11291
40656
32613
1780
41345
36163
39772
44037
673
6887
8764
12200
19708
28388
33630
49767
36631
31938
7426
19392
12930
6836
39154
8080
4314
24508
574
446
46253
3993
3183
43762
42306
48295
47341
39230
44508
114
45353
48579
1229
8100
32596
25369
12419
49428
46565
18058
45367
12285
4020
26170
12018
43641
9024
6692
42615
14273
27246
5397
45462
13191
4056
16799
47620
29405
18602
17646
45021
3937
4911
33497
20919
47955
22077
16333
18958
8220
818
46692
14717
12086
18077
15853
37649
44587
24480
36946
2769
26978
38389
25396
3279
30458
39832
35572
12420
7605
12027
31256
46803
36475
29043
4287
21753
33527
2744
35508
6115
22893
43217
1690
32688
28828
33781
34248
36067
36384
3881
13267
29641
22972
36380
43017
6208
5448
7862
39619
47003
40358
1109
25205
1023
35335
32933
16405
32012
26546
40694
45990
4270
1837
14805
29144
3599
12558
20106
4797
4176
48624
21575
31765
41814
10381
29044
44891
10796
12127
29121
43835
43407
6868
14304
13600
44401
49661
36212
21813
13607
4575
8931
30426
20802
1199
11044
10755
22661
21131
18203
42618
36414
19830
49472
23406
11701
17332
39980
37616
1119
41190
11372
16808
17311
48466
22101
20650
36781
6475
34781
38489
49113
17132
7255
33176
13831
15262
12798
35603
9730
41657
41993
7681
38267
44297
30524
6378
23411
1663
24272
16812
16039
32604
34126
48844
26844
20891
33964
23245
3877
9077
11794
31135
12764
26623
16903
21676
12784
31794
22912
19579
9488
38858
39696
12343
15602
43066
29886
1392
34688
16451
13658
18144
30274
27481
37307
48294
35937
13648
18354
19507
38835
39431
49816
22552
47007
33366
25141
45906
17936
25717
37445
27811
25897
48005
47122
29750
2482
42181
23851
15580
20224
40630
45272
1145
31095
19942
31454
38713
36759
1382
34671
17564
10366
11392
1228
35568
27422
17479
9357
37049
49697
16870
5025
23385
26856
46237
34750
4673
9292
37195
39603
15619
19743
8596
31986
36181
45683
18018
15485
31789
5619
27284
29957
38009
