4703
13446
32371
12384
48877
38579
7940
28146
22361
2904
6228
34267
29700
1863
49913
11993
46117
24738
20592
40822
27918
48871
5439
28949
23395
35046
39065
17133
17726
35355
636
20042
14148
29704
9491
15900
5486
21410
11938
48085
26972
34457
38372
3257
8856
10108
21184
2445
21245
16896
43340
33185
39827
7328
44897
13078
47344
6389
22615
41199
37033
37425
38972
39787
396
27040
43131
8726
14356
14539
6173
9301
34006
4857
7256
7151
21290
33032
7263
16626
3210
22694
39473
8679
8791
22352
15072
5155
15686
27090
49081
39560
1622
30955
40619
33619
38808
12613
38061
22438
9588
14517
15997
22593
38361
43481
41683
32641
38360
28053
17814
10904
39788
19625
8233
23836
32048
4551
12294
23389
10497
46592
22455
12567
11434
44765
9766
44116
34911
18754
6796
43241
22877
13853
32352
18734
5855
41392
5896
9133
36493
10845
38993
26506
1817
1206
35822
34507
40884
10804
12307
15651
40496
33541
45384
23976
38989
9298
40569
18756
38736
43964
17574
44569
6329
27235
48690
39137
12640
29268
4558
44449
24868
36531
33945
22078
1543
26368
31731
27304
5376
42799
38751
5916
8503
37558
45816
24940
249
780
10892
21129
40719
14507
29140
39992
4244
13634
39587
4071
33987
29262
28069
10838
33721
41425
44013
25111
2285
27935
9069
44693
11774
15380
1378
17756
36783
16021
42116
28927
36749
46761
48160
38917
21777
16565
17232
24726
7220
1197
41453
42468
38042
25163
22427
13049
26103
9195
21920
35758
16408
40497
20159
14493
28939
23878
24462
9916
21243
46173
6387
6425
10826
1463
12058
36621
12619
5788
10124
47998
48059
1287
4640
8751
49730
10087
10713
29595
17739
24334
14951
17749
36563
34610
28607
31302
48674
30212
3983
23227
39494
5509
39175
3243
29152
15558
27846
6350
36489
4585
47607
28435
17542
33616
14318
15010
31614
24182
8094
33998
34654
32082
28454
44478
27089
28463
17314
21166
45675
6359
17939
19280
42378
39757
32806
14881
25851
37499
9671
40278
33013
18938
27779
38847
33659
39724
28701
45909
10660
26174
7355
7079
19945
47569
34030
43753
27376
11423
45456
44440
19420
29620
18448
26311
5257
36723
42646
40393
3774
29503
47400
12139
35197
16028
43732
8676
24344
48961
11929
32884
48652
25166
20808
32927
17912
42606
48542
17501
46328
38827
6782
7116
20941
39934
4529
30387
49402
28508
24124
20309
28369
20416
894
21666
31206
8075
34032
38672
46166
5302
32913
20166
7312
40503
31816
36382
20885
27871
45079
47040
37879
18156
49268
17994
1082
22516
21016
24611
13010
5032
5506
36570
40353
22632
1664
28986
486
158
7777
40727
34301
41816
10791
34638
41269
23590
37524
23423
17012
43224
28982
4686
17238
23016
38581
24968
32139
17836
10135
41586
18847
18875
29082
43192
14670
44171
14984
28159
29248
12216
279
25916
30808
24195
48247
13912
55
19440
42865
42772
4980
3517
11481
10671
40737
30682
1955
1265
35606
44691
4290
35029
14490
24008
5370
31778
20138
30248
39941
23410
48947
37455
49870
39962
9719
37729
38332
7610
34581
49440
9753
26554
12920
35687
3412
45196
2139
29218
33341
35670
43925
14581
9202
3735
33448
5629
8442
25830
15955
44378
28583
48306
2674
2267
11377
2961
22497
48626
23391
