48319
35380
41422
18940
10182
11145
28021
28855
24096
43655
13618
33071
15474
22415
30498
46177
12113
7302
9593
5294
38945
12938
28446
43962
26826
31158
13609
19590
18423
13193
7013
26758
26847
46757
18172
26337
39442
4357
33544
41166
44738
7168
25273
38688
25316
28902
17762
28305
26285
14755
13161
10483
21084
1535
33179
30403
41643
97
20407
21516
44741
42770
16302
32313
47231
22850
44227
43399
4595
26755
42286
38578
42553
19844
20548
31126
24109
3939
6678
19667
8593
36753
11900
7285
14067
38255
16221
23593
29137
37853
19017
15957
26280
26453
41828
45681
34148
41356
33555
17450
39104
17665
20408
24291
29667
6253
21589
47742
31176
6801
38128
15920
3620
33436
30478
28340
1466
20017
48161
252
40809
37731
48508
22072
27610
35442
278
11844
18323
10692
38315
39811
33315
49430
43839
6958
4931
47526
43600
40352
12247
6640
14189
32555
28890
5661
33152
8699
39430
28562
28996
19670
19664
46984
15397
14481
7159
40415
29737
39436
8255
27870
35635
27206
26126
18649
31610
28571
33751
23278
36140
26825
5255
18285
14585
32816
41291
35718
8498
12844
12535
24393
46640
34018
11110
48777
1722
26316
8189
2363
39743
9022
20376
6273
38964
31310
48970
16048
48434
30176
11962
8500
43899
379
8537
41412
1962
38904
24506
18588
29918
4547
30149
24947
33525
4444
24979
4801
6756
6288
1598
14625
41743
43091
42159
24200
35500
44249
13778
5432
30333
34390
6992
13943
5117
43454
37594
12186
32548
10230
18926
28091
48515
3115
12641
8667
48228
14115
43878
21447
9891
17103
40040
8224
42247
37678
42333
20545
15892
28619
32051
29357
34704
29156
38887
32146
34175
3436
49738
15694
19938
18785
8611
31296
40867
25926
10872
7855
18013
13718
21254
47426
38221
45592
40644
44430
20841
43819
49275
13700
4098
28052
37884
40741
33055
4457
45694
26719
36249
16759
19611
16644
44586
32184
21531
22624
4131
38839
10425
5348
46366
14435
30738
14816
43579
2689
18757
44772
40377
45332
17573
31237
10506
43494
22670
32250
16425
8819
17922
34609
1953
48971
2746
22915
16337
26738
42497
42866
5400
26024
6529
20177
2638
31951
5678
6362
13411
6615
10337
12466
16643
33734
27197
43354
301
31358
14047
20460
15842
1915
35598
22898
29675
2335
13802
33508
37475
39536
26298
8316
15414
36614
14904
44528
24526
36360
47405
24084
6646
16254
29609
10168
1293
48722
33357
21302
32620
4385
32462
2611
2989
17284
25637
46872
10003
3017
43123
42998
3626
48462
34499
3887
31804
26614
34627
29822
22187
29852
40057
15174
34431
42641
22107
46298
12262
27471
47245
42561
20423
22489
39786
6071
33456
43869
10160
2581
28608
29777
394
35425
21262
8535
36755
39086
32527
40070
38511
20595
32072
37696
33856
46448
15790
25528
12696
23140
29772
8855
14256
42099
5637
