22499
19270
39851
41860
1581
10368
24704
46131
18292
34505
42738
37735
42656
46854
30751
35246
45215
37271
30476
23556
4953
29639
46837
19878
10531
19608
7671
34070
42276
38292
20647
13570
19556
49159
26367
49906
37637
41442
37527
26457
2626
48699
13266
30296
9108
27575
2978
1948
42227
25805
15313
2391
34534
3220
25963
49889
45439
33189
22053
33981
29454
39728
12154
31401
40855
20141
34293
23727
23887
44204
20247
4324
43985
44304
17156
48290
23045
37243
18091
37254
45900
43451
25
38731
11551
20212
30983
11282
35792
35258
20975
2145
20652
27497
41099
26631
17497
34365
16877
38063
24666
18963
32801
1171
14934
8529
43288
41517
20882
35192
13910
5790
30675
17581
39472
46259
9444
22835
30192
31637
16702
47081
30796
12756
44834
5936
19213
34464
733
19305
43881
38284
16248
26699
2883
37958
45153
27724
24100
25169
17667
14544
42447
30997
2093
14492
43136
5431
42426
35706
27746
15357
38303
20132
607
36235
25507
9920
43135
10665
31304
42734
23557
36316
27884
47061
31127
45894
39136
10824
20214
5861
24418
40214
26956
12521
14308
48842
6250
15458
27624
21062
37887
12963
48008
47329
17469
29054
591
49086
16853
45133
1457
19614
14993
25230
40536
38830
10964
49894
11260
48121
22832
26305
32706
9984
30695
41254
9506
39883
41218
22901
13592
26007
6301
30733
10460
25310
27208
21142
49048
5755
33259
15965
44789
23298
27496
8654
10852
2968
28910
38129
40595
24085
25685
44592
49163
37888
38683
42320
19514
44362
47881
36539
18536
20565
1620
47381
10874
42984
48903
48890
47939
16709
8157
23124
224
23261
2294
45882
13375
46773
35555
43381
5173
16211
19828
4598
15945
1465
39119
31083
11417
1584
