33052
22050
1262
11233
39502
20276
11406
23355
13974
43387
38096
38118
7400
11716
2836
37821
48377
2215
3522
37486
37765
24871
17392
29928
10158
31172
18093
28564
1021
39240
10248
25469
49500
19462
49624
8217
14129
7595
42204
30017
7091
9287
16976
24032
266
26289
40440
20852
19796
10533
20029
49358
27749
3667
23843
40885
10163
2253
19149
12109
19593
19041
47936
43913
13904
37899
10990
10761
28959
1749
27579
27822
22902
48206
9799
6376
36266
46871
43449
29224
30376
2346
32597
13367
15654
49262
39363
1162
19781
12505
32704
38245
39543
41554
32773
1230
29867
11826
25652
30887
46190
48311
4825
39257
22230
8678
5174
9934
45883
43573
44070
30698
2726
27118
24743
1946
48522
37903
447
5971
139
36408
4800
31960
47690
12512
29850
13154
6197
34200
13574
29507
30280
40012
7381
17070
1142
45074
31684
25135
11967
40288
21818
39179
23259
39045
15021
43660
17323
20461
29856
38341
3670
12775
14147
30348
12303
30047
35305
42009
34258
32228
26386
34217
14311
46416
12918
27005
42071
31452
45308
27710
5878
39670
44944
23477
12549
24466
45169
29508
1091
25453
23502
33423
28862
8161
29364
46731
38028
16924
1498
43677
41340
44321
7836
48841
10058
2435
10604
49873
41101
25660
33450
8407
4073
32866
43875
7648
27738
17990
48091
30097
4399
40668
559
6201
16072
9335
23014
3197
23276
8874
16055
6382
33881
35000
41815
48743
47885
34564
1874
16361
26474
39690
36310
9038
34624
21859
23806
18082
11838
29876
47948
7171
4831
27675
20272
25204
24549
11946
11991
4719
24163
47447
27234
33529
2366
44129
32406
30135
42285
43138
38901
23804
28162
11835
14537
19944
39079
40958
5031
42823
25501
29773
30055
5947
2886
27130
12615
11467
7717
29664
6401
