36921
39064
1601
42814
26618
45304
2102
43910
22196
36920
21686
27202
23794
28153
41588
44900
48975
19627
34205
39477
19195
15300
45171
45862
9557
37720
16669
21766
27053
32654
46663
16991
28705
39420
21692
33147
42164
6539
23433
25172
4291
18932
46688
20450
20609
16723
15581
23179
4798
17829
21871
38460
49665
12721
13873
15837
26543
38739
15620
15987
33952
5586
19396
42716
43012
28743
16913
32747
12985
1505
2280
6908
12631
26965
8216
45302
2816
43898
19157
40998
23812
39324
861
48577
4144
43074
41810
32636
10644
44552
47871
5597
29370
6791
2108
43042
14277
43153
9246
25686
46852
29612
23022
11749
24700
17959
26712
12901
27232
9010
18721
26943
2558
33701
22305
1216
18334
27178
30715
15238
39212
48435
34878
41019
16666
16906
35654
48386
14535
48503
34830
5948
32382
13156
34754
46937
48707
45248
48113
46733
30809
37088
49109
44473
2909
21375
32440
48789
8544
24116
13900
43021
35422
10026
48962
18045
37421
32728
40993
16519
19681
5967
40449
44761
9473
49239
24870
30411
18190
33863
1944
30893
21156
7631
12710
20736
4093
35223
18783
40315
43335
628
39167
1510
5098
2911
21957
22553
41761
20909
35383
31604
45611
6885
28006
22434
39708
28871
21000
20012
11315
40672
6568
37438
29983
21565
25185
45951
30689
27942
37813
18146
4745
42566
23065
27946
12536
4504
35346
7323
49551
12634
11124
18941
24136
5467
34034
15889
4993
27191
6576
49424
25940
78
25516
14605
20962
24352
48476
43736
27783
40058
32544
47112
42942
4909
49722
46921
18051
38554
23101
9958
21192
19515
25043
45325
6771
48756
45241
38706
13513
17009
23282
17927
42194
30162
25395
24696
42458
34892
29562
12431
44603
13093
39531
24083
23248
33667
1595
48517
45800
13001
5011
41749
18610
24045
9576
5935
13391
42432
515
38031
14598
45063
37581
30996
28402
23484
45354
34528
1455
13472
10829
8361
5282
4675
44369
45553
31943
2731
32381
35231
5398
45748
45994
14171
37120
26392
21608
40537
15586
26041
44350
37995
31945
23238
12933
40577
5048
23849
28897
34574
38908
38421
22
17312
19297
49181
22745
46636
39664
21637
39462
37269
34442
37959
38501
15319
23738
49651
18964
43364
825
27205
45887
30551
47839
25187
34626
44492
44475
18016
32230
41853
32910
19121
30226
40281
14046
17383
36294
33847
22068
38509
30114
36770
37646
37138
42548
17824
31336
31356
16130
10954
42587
2735
3767
11375
39699
13136
41192
13987
20257
18974
7891
36332
34477
47527
8479
29077
28971
3520
5519
34799
22857
25708
18710
13511
14612
4751
30941
46601
36833
49484
32470
20791
16330
45336
48796
12490
37759
1243
41898
47706
18207
16498
15511
32841
9114
11953
13489
43308
1678
12126
20052
6481
43979
22407
46694
43438
15157
19464
5338
48367
35092
3594
45700
22841
22469
36711
15387
22126
42188
10061
29164
13606
44054
38399
16214
4944
41620
26279
28690
4082
22040
48779
35574
3619
48960
39831
43128
1590
2610
7917
43089
19141
19202
49660
45406
27351
21582
17651
8900
16587
43822
42328
12781
41462
21059
45370
17893
22249
33829
17734
24725
25935
13464
48007
28432
30773
32531
10999
34282
1570
19671
2162
13886
3048
26520
32873
33620
20568
26431
43768
18462
40750
11851
7101
192
1555
