45655
21340
35664
2059
42680
38003
47783
36862
19395
49469
22647
23424
16013
33820
15593
7922
40956
10148
48869
890
32383
26349
25317
37045
34875
32930
35655
17528
5019
34084
29009
28895
30171
21670
23351
20843
41800
40915
24043
26722
8514
32097
3331
24519
48020
2974
47278
40432
31523
5056
40582
22650
43259
44913
7016
17941
29666
35791
18422
1627
4237
16766
35256
33432
12424
26127
22761
41313
15417
37788
19364
40453
46869
40775
15064
21808
11649
36451
4960
2342
34242
15155
36229
6114
49169
26223
8342
35773
47510
38582
47372
7021
9699
34786
20913
2247
23702
10152
45145
1633
7238
355
29119
2005
10710
32241
30802
24188
26179
47208
16862
28851
8459
19212
18765
27335
6962
48811
23532
5162
49431
14309
42124
24006
43460
33111
16235
35115
947
38379
15676
2407
23528
46313
45836
24247
12598
30632
43904
12365
