11053
9467
48456
18832
44085
22927
30004
4924
41759
30482
43823
37068
34135
20087
44142
3656
609
3731
47982
20845
16700
27279
31749
20828
28934
25961
11747
29050
23006
21580
44702
26454
9366
46322
18088
10495
3106
11591
33843
34069
37631
43510
16315
38072
30828
15927
45195
23160
29282
11669
36115
34914
16395
10120
14235
12390
8870
40479
35123
25561
22697
31698
24516
29002
37428
1961
29398
28791
29858
24465
32938
31730
6458
46269
41003
17607
33365
20543
23939
43646
24728
26214
16839
15793
19118
30889
21842
41501
36333
48218
29897
19629
47059
44352
5177
32357
15893
31209
16802
37864
48473
34849
39297
10764
42692
8288
47320
1247
23795
11092
32043
5099
29698
10237
33493
48611
9070
19044
47522
18684
37355
5156
28002
41075
23839
45722
14806
37080
2589
24824
37291
3771
24166
36124
5096
42550
21864
49339
45765
10042
27952
9687
46943
1286
22295
33470
14052
10597
22816
9291
14563
19321
3849
6442
47613
21093
44418
4179
11297
16053
29479
34575
29873
40166
24239
16645
45925
3182
47017
41737
47676
33697
25085
45860
44952
45978
31906
35623
2148
31806
18924
19272
13860
29966
33399
44062
5635
40535
47070
21345
21190
5017
17268
18150
5299
10401
32105
44503
3320
42719
22762
13080
39387
13199
46336
14852
38480
2710
20660
21428
10978
44271
371
38246
35609
29835
33591
29796
42825
38048
42449
27478
39001
48178
8645
4062
44777
9119
10981
4334
17744
