20457
7177
1458
42895
36324
24691
19741
1436
48604
6789
34468
46420
31277
12987
49884
14798
23194
925
9159
22006
16306
35613
44839
33883
531
45891
47838
1704
4150
7941
712
29533
25836
6074
2654
22443
48372
21907
40783
5010
9597
9554
34197
10382
25108
49324
49362
2147
23565
38851
10774
27096
8545
42846
44494
28085
36066
30165
38365
16889
16265
18859
170
38616
18282
1865
5807
49201
39518
2302
15852
1714
34648
27951
47357
5951
40802
14941
10161
34058
30071
13704
26864
47158
23103
41928
28813
44214
35885
3703
2405
40874
7643
16054
672
23602
46879
269
17399
36990
37086
19497
43051
31116
5121
38033
31437
40325
21541
41859
13277
9626
13262
28318
7141
565
16740
28672
17337
6559
35569
26165
22222
46472
41955
36170
14949
11038
18371
35199
45301
5108
28130
42307
20661
44538
40201
26695
2210
39535
28489
19124
29938
37054
33134
8430
41433
14551
9529
48321
23290
5007
12617
3413
3904
40323
30879
39184
46434
25749
25574
44639
33607
24848
38105
49993
35162
34935
43674
42048
12404
27015
19767
26216
16149
11776
28551
10948
22607
6323
5140
25266
12564
38367
1314
13429
19550
41996
11318
3614
4704
14295
43741
29192
31280
27061
49558
25725
1824
26715
471
40641
26456
29228
4528
44245
13409
44093
32686
28044
18212
17326
258
34670
47216
44605
24290
5362
25015
13462
14529
826
45499
16148
2619
18961
37929
42885
49216
23436
24780
30122
10780
317
6338
31466
18741
19778
314
12291
28907
37073
2239
21898
8898
19693
6012
16671
6162
13707
40183
23582
41203
28603
43255
13072
20072
10455
48636
17307
35354
35715
5728
5795
6925
16600
40082
21045
17315
9940
19547
14048
44071
26538
1168
42914
24964
5405
41482
3347
36874
6506
4282
30439
5730
28869
1018
48126
44581
165
41863
42507
40832
15062
40556
22263
35892
37059
21042
16475
38780
21053
32306
35189
