49006
33651
49448
5258
37682
1133
24687
31409
11155
47445
45472
15685
35900
21553
46405
3872
39527
30470
37479
37660
3295
47103
32036
4824
19561
18095
28953
42688
29836
20050
29188
5152
17746
41825
2752
3642
48799
36637
46564
1575
2449
49819
36687
23113
18493
12110
12318
38431
45077
17524
2680
38516
20584
32775
31708
5494
6666
48120
31950
41881
41103
1014
9545
31815
30640
36320
24594
38102
36024
22773
17536
16355
24588
29525
42778
11880
24583
6431
33896
13115
25643
32767
36432
41609
33210
39071
12499
20766
9078
65
30778
10312
7078
39554
41870
46274
2112
13950
2353
39385
11430
34189
37495
43363
42075
28064
11652
1847
20397
30487
41458
32464
22405
36348
3204
4525
4535
23519
48296
17105
