13325
28933
9395
34164
41095
48585
25323
49732
6492
33103
34881
12270
35631
36821
3968
11415
24733
23780
25973
38386
38974
1355
20286
49966
9574
3315
30243
10556
8755
31925
45352
38406
41904
29683
47191
17862
39177
49031
13189
9255
1709
293
37061
49467
31791
37604
20892
38891
38634
26870
27868
26807
22292
35668
30010
36136
2577
10994
9171
13169
17437
14875
18851
12171
13902
40136
47213
31651
30106
36258
33166
40181
39973
43314
8339
18350
42090
19523
33737
30278
40824
18357
29506
8606
42747
18345
23499
43957
42920
30294
38897
13455
11619
27495
38626
12609
9622
15858
14005
6081
36479
30180
16761
47232
25662
25857
2037
26544
996
13961
21449
17135
34860
4437
21196
34435
9929
1094
10894
40300
15399
12003
46226
40330
41385
7185
47207
20546
8232
835
35177
27323
6772
14248
15119
45937
14427
15867
4908
3261
1246
30853
149
373
47805
35333
36283
48879
2313
19679
24539
35817
13536
8115
2309
18351
22696
8575
38859
33518
34991
15699
40106
8660
46305
3862
48868
23718
16025
14572
10855
9751
42154
3661
45349
38331
43492
6193
46680
39199
46213
8000
21849
19496
6209
32549
15168
17641
9957
36587
44974
24194
7401
17846
23445
20980
18390
32532
32576
23460
10902
48354
28904
19471
10741
41220
37256
8997
40808
22303
32759
44311
18028
11631
10212
31704
17681
39336
18139
29901
15381
6008
7063
33741
35193
19867
7202
14641
39723
33498
34092
7015
6931
49504
9886
813
35856
709
28582
13152
24363
19882
21416
42949
23041
20505
3426
1851
6169
26602
39224
14797
48600
16291
44907
22271
31508
38486
34805
31419
26496
42816
19349
17272
6434
18687
31402
9076
7098
30763
6240
41709
47281
34607
6093
22753
28549
36216
37627
26425
19150
47255
2318
16721
21299
16303
44170
18843
12607
10129
10079
31412
16724
25793
18167
12600
48717
35366
33749
27750
38440
11095
46627
17397
23083
18691
12153
21108
2409
29016
8653
26992
26763
22500
43038
41280
18708
9970
27456
49549
45314
42662
45829
47446
38352
14161
30538
3882
26065
32729
42340
6809
8527
36972
27170
42908
27823
32078
6269
27694
21819
26790
14462
47547
17594
634
14177
37851
42427
20744
1721
27104
4274
35742
28863
14210
28187
15423
24998
41547
10048
19606
22017
36000
19640
35164
47171
19058
21075
8783
25884
7278
4402
22110
1397
3253
14068
49666
6785
28740
5915
3092
15783
12618
13614
4609
2453
46605
41080
20312
10630
19425
2279
37831
0
16097
35704
43445
27022
34669
8419
38281
29476
30308
26249
42472
18850
33756
11756
38549
37818
24321
37572
8943
19020
4453
24584
19646
27739
16115
26451
29510
40207
43018
43165
16344
12704
9157
13484
24585
6874
25414
42135
40613
45016
15980
39515
41927
43844
1481
8820
47784
1537
49818
25237
49787
31569
16890
47540
17234
19434
9724
42118
4231
28306
43282
45579
48855
35166
46822
42616
37544
48784
32919
24257
13039
14051
6354
12952
547
28245
11910
31492
16690
22769
12983
8024
24660
22710
9945
43342
5760
14217
21283
37108
35983
28424
42584
4269
12361
18670
11119
20394
29068
44330
29162
