907
25617
20421
26291
15481
9810
40384
36560
27799
35483
32737
30668
21947
47711
46153
20497
18479
31450
4764
43574
16385
23186
38573
11212
16806
18433
16139
48109
1125
49009
26325
20504
12380
27954
21996
36638
24433
5046
43075
32493
13389
17878
7819
40287
26370
42123
25336
8256
3108
6940
6082
40221
24881
32473
18881
36203
43963
28801
43476
28767
2209
25462
21726
27135
7700
25948
2425
6811
33761
3705
30423
17118
29677
22193
29933
35088
20773
22792
46004
7515
49763
26751
10151
16501
43104
41589
21454
1289
25752
13723
978
25585
15875
19943
38625
16067
33246
24132
39913
1757
30150
15730
36147
20618
2996
16091
18298
49074
44042
34005
26979
5210
37373
1755
2024
11951
48450
30910
37128
19429
30147
1087
46220
6609
10441
23855
39920
29416
23446
5590
4667
4010
1405
25182
23561
30587
49835
46546
25089
45405
27634
16281
31064
25241
28631
43028
45806
29651
11704
33353
21723
17876
27629
2789
45509
41623
10946
15495
