4431
25826
2033
6486
7771
44110
38249
35545
40735
38241
40863
36820
25474
2245
3558
10696
12850
27681
41953
42052
46867
39943
4428
23251
15877
8104
27094
24207
10783
28739
27149
17205
39550
22820
13468
39461
22922
30034
29168
21779
10823
27175
49865
26472
3799
12581
20745
1790
5022
47190
15236
30385
4156
26548
24817
25329
35412
6112
26039
44809
11307
44978
47276
21313
6161
24956
24863
27387
11612
18796
11562
5328
11642
44909
10655
30061
18311
30519
43384
4616
9499
29067
15643
21805
20878
23266
2931
4387
27393
37279
20487
9664
41826
26747
43144
23514
16661
34038
41252
9066
44389
35548
10498
35272
7903
20755
37665
28857
26940
14413
4267
30472
37869
10541
49399
590
11604
46586
39399
33159
48878
20184
33959
27885
43014
8365
49643
13512
47299
13611
31414
10408
21463
37902
48653
29931
6200
44283
49654
29851
14472
37972
47337
15162
16576
17067
20809
21563
17778
22621
40348
37597
20547
17629
27578
18612
30440
27338
5200
34623
12550
29392
17699
22241
48510
45811
951
16932
7520
14376
41834
4920
46325
35982
7576
47654
40163
14169
20335
36788
24996
48166
27426
43521
35340
17116
24266
18467
28992
19103
47832
23770
27527
7666
37419
11512
5928
6524
22061
15743
37819
41674
20417
46806
24937
4555
19729
39521
18518
32247
19692
2668
24134
30422
3465
20765
13386
16436
44961
14379
21621
37167
46262
24367
40051
24905
24898
43072
6642
14209
23228
23703
2797
42235
46358
12995
30184
12898
29099
16353
45859
24122
35401
23134
46866
18331
43772
11560
32400
9621
22938
31201
28932
26855
8043
37458
20310
10729
36207
20124
25621
45382
22188
9604
22591
1300
26735
25338
29001
