47389
9169
46407
25995
14358
6584
48012
24300
45003
42093
13517
31768
47131
17794
14608
6784
15061
44912
24547
40762
3828
16757
25272
42057
25809
49344
24803
34218
27269
49105
46612
11229
48458
43182
18647
18073
5308
43604
39445
15279
16090
26562
22291
46075
22864
19733
3531
29920
14519
42180
34428
29105
10746
15539
44035
17265
8116
10621
20751
3563
3163
21733
45739
22838
47549
46577
27367
36406
27433
16534
44674
39852
14337
6994
15042
6674
22837
2413
6553
47091
37580
32096
22590
17384
17330
29555
4837
30677
16449
11263
28016
20532
49000
3492
38401
34645
3233
15709
45049
10353
13144
9068
27196
26952
25144
39171
40275
29680
40870
44284
201
17857
22036
3066
19602
45358
5078
10806
29154
15494
29535
41355
13604
7305
44086
3502
19591
9206
16782
43886
25827
30063
40550
8715
32104
22653
12096
47498
38356
11893
48168
1845
4163
32757
12801
37657
28471
42060
41031
37343
9930
28510
13645
49822
20003
15749
13457
17728
11676
17988
17060
27404
4281
4682
48362
40197
42223
19821
14917
15141
811
37545
5956
8987
33853
10290
1741
3440
41247
2135
40679
41034
47900
36425
22313
12750
43541
1870
45337
30654
2347
5327
8827
