9397
1268
24543
30760
32941
44241
31350
27227
31268
22749
49207
4852
29358
7232
45396
3205
47437
43978
30685
27092
36745
12599
8546
46
41214
33919
41693
36503
2736
3567
28210
24765
43887
18884
37701
15480
10289
8771
10995
38518
17026
46288
33902
26964
15738
49049
2788
23180
43771
22759
3663
16243
16936
21333
22190
31861
30331
9184
11309
48881
45394
14126
36226
14423
3345
3361
42455
36427
36523
5244
9137
48282
38313
8451
31239
37922
47375
12623
5183
47420
28078
32958
4100
28770
18555
1878
13866
14763
49745
13258
7493
31266
46437
35278
47581
48872
13019
13133
35641
36016
7181
38109
43638
5768
33887
38444
42196
3628
42287
41183
20298
45567
42657
49825
39232
18109
16898
40420
39698
10376
40671
31265
8198
961
6706
49562
37258
33569
33426
13635
11727
6347
13175
43761
32367
39597
8672
48760
18361
44661
40135
30768
28941
8703
18003
9527
15960
23350
41518
41726
6233
26369
31203
21724
43414
8449
10348
48926
13343
31562
10868
25493
36816
11463
33437
49320
17884
33844
26237
21757
7341
2770
11042
41255
32869
23182
28495
39029
33892
4680
39239
31233
12054
37737
19054
15173
5372
15305
27073
20672
30299
23854
15963
1351
16543
47289
27365
37718
7389
11207
44295
10021
21821
23221
13528
47914
8466
1713
24552
15546
3409
48843
23128
9492
34551
22510
36829
45759
32526
18869
10260
44397
19269
42650
43166
28183
24663
29614
38337
33517
9497
48381
618
1967
37139
31845
30433
17929
2373
33930
12035
33096
38467
43102
27908
19117
9116
35562
14467
27155
15778
19126
3037
1816
14588
33295
313
36089
39534
43682
33165
32790
49758
48769
31891
9987
39105
30203
555
3826
26326
2955
14839
5995
21420
40225
6048
46597
42854
47994
19917
2348
26320
32219
44937
30531
34439
15975
39362
19130
17910
36329
5460
24369
47436
5615
23652
48552
35912
47657
49760
23286
12826
30424
409
38528
43577
33029
9482
37850
22919
45208
3238
10974
47962
49090
14170
11275
23497
33985
43459
20971
15725
15153
5064
38462
41111
12653
40932
23427
4856
4563
21536
40800
3004
37542
27990
28298
40834
11313
29374
40085
41164
9322
25358
29179
47553
27970
3014
15744
22355
25013
4130
4965
38007
36161
6607
48083
41565
34569
5408
11919
28068
2705
2808
18252
1160
34844
44489
43206
45168
46411
40673
17906
8031
16143
8972
27245
24255
22119
38829
15708
35703
26261
18816
15981
42279
43199
36264
5008
40842
573
2275
14232
41410
45468
36917
11462
40889
25219
6279
11477
4236
8001
22729
24108
23879
11885
3170
41068
11550
23040
4630
34897
4341
10873
47125
875
31909
31584
5466
35594
41333
18007
13642
7938
3356
912
8464
5905
44212
44275
42249
20976
9347
19723
12298
46163
48455
6701
42623
13443
8675
28295
49134
41307
2451
28293
2723
26408
7957
46635
38881
29308
2932
10159
43306
42219
9143
17819
8126
6335
11300
34543
4860
8279
20225
13916
47406
26186
18271
48638
48997
36567
30303
35747
14424
452
1126
42598
27076
30219
36301
45089
18899
20585
18957
22509
10924
696
34976
14447
42663
34448
28656
19370
41153
20077
20103
42269
18828
24217
34887
13068
38198
12743
2579
19030
40257
5168
45752
31006
31424
22390
11644
15767
28591
12574
39546
10643
15371
5877
20020
33355
43471
19683
46186
18810
10693
5021
27966
4033
14633
13985
31109
14722
22695
30669
15429
32533
16861
47901
35428
3100
47633
31866
21249
29600
27734
9774
11390
29160
43666
34167
38774
44633
5281
47756
9694
37351
49056
15154
37011
40770
45704
3623
35567
3654
11419
49519
17249
34237
10684
14599
35155
46250
6792
24037
48673
23753
47572
14584
18635
3478
19239
24752
4240
21392
5584
23754
29992
8592
28505
36334
28225
2216
16905
10956
40662
13894
45158
30295
20944
5358
37924
28040
17014
11181
17478
22627
28512
26977
37654
3477
12363
6691
6022
3902
45027
18136
37725
9014
5157
21673
30739
534
21072
7532
17655
10320
29053
47887
6686
4540
44618
25822
11528
23187
35926
14018
32328
10485
6848
36592
16868
7890
31434
40628
13324
32955
20719
3720
16320
7094
48555
33854
39016
11330
47559
17599
41521
38376
12667
11745
40259
34352
18310
49942
5151
18585
3222
11937
41327
3513
46818
2113
37962
5694
42728
24019
1483
37241
24710
43729
6098
27556
42952
47594
31742
6947
31024
26013
4802
18836
45126
9967
43587
16005
44681
32907
36290
26559
24101
37613
3001
8187
18571
435
855
15160
49841
38473
6721
15913
44597
34570
11154
24830
11333
7298
7041
1998
31576
7661
665
11943
23787
8182
6121
3474
16356
34021
6662
40204
27534
16011
48631
8435
1744
35734
25104
10357
15882
27787
15486
15085
39
13053
11961
43110
28585
11995
23107
2480
7414
23951
29782
13785
46710
8395
4773
22517
39433
16233
45989
14157
40650
18202
8935
676
16601
43974
5359
27274
40840
33664
44892
14483
43248
7649
5514
25844
267
46582
37938
42021
14995
35961
47295
6232
4956
35260
3285
5212
37606
23271
44348
4746
39087
25905
8777
23845
554
27445
13716
32260
27862
39170
962
10300
38408
13336
33824
6289
12812
23356
6047
29589
24215
31286
2665
2939
11127
13538
49572
33106
6172
8746
44869
4590
14681
37971
46884
47096
28445
37031
16157
4285
32735
8477
47579
40610
28090
17504
39237
31737
38309
41621
35096
11950
1621
1319
45125
25475
8939
46644
8580
12397
49491
12726
43006
16813
19916
44394
32534
19206
38801
10073
13963
19822
31394
14002
17750
2013
11004
14809
26795
20227
44841
42408
46284
34851
4070
41229
42297
6626
625
45112
8664
18107
22024
16224
15895
8903
15242
2171
46447
16796
23319
5380
14038
41701
17618
49093
6403
1366
17872
16023
40299
17793
19508
11707
34328
22679
42230
25094
22554
19317
15093
31002
30078
15479
30330
48310
1991
31514
6545
44120
39537
11790
45319
45011
38498
45285
