45537
49361
16776
34381
21557
15552
3475
33933
10223
21491
17583
36111
27670
41243
783
46756
33711
46184
429
31700
927
25465
38929
25910
29270
23530
46762
35337
28451
13588
26164
30241
32338
1503
15020
46374
1435
2211
9091
9028
19893
3236
16400
31927
12445
36581
21651
38781
45058
13210
44301
29988
7413
39948
10917
19792
23705
11189
26867
1055
27474
26010
11616
48072
27207
9173
10847
49133
43287
7230
47995
2415
27927
4782
7972
13333
39876
25014
23135
25035
9053
15383
39050
16147
6185
22567
12149
5289
22616
32311
25379
11050
33297
2597
25002
40114
33785
21145
5485
23127
36459
32760
7767
4768
43389
3873
15623
35233
28086
22961
11636
15452
35807
40296
337
49493
43395
25481
7105
16418
37457
18534
15112
23303
9204
48762
14923
15795
38238
32296
27045
19674
37482
5385
10501
81
44180
4666
1233
4826
49477
48659
41892
33500
48813
36754
8817
3538
7721
417
23353
11056
44979
4977
21117
20837
34949
3311
1428
45754
42912
29592
32778
29838
16946
28413
5047
31526
4333
10040
14399
38883
40541
47912
34641
610
15348
38453
18688
31921
13165
27311
41651
3485
28262
37970
43718
13519
25254
40391
22693
2852
40866
40134
26411
16680
31288
4724
40188
4243
17925
5344
42321
45025
16718
3824
4190
49357
17301
8207
9271
35639
28912
13440
24103
17297
32076
25499
33000
42536
28025
4862
20451
49480
37447
30797
5001
30305
31516
1307
31542
30343
21381
40434
