32796
42932
7974
23719
36291
13797
23130
30557
15277
34556
26074
48679
34252
12872
47840
13827
32997
27548
42254
48665
8471
45690
30430
45715
631
31886
23209
15950
21647
43160
39002
25656
29297
29581
15576
40517
31647
35490
27948
11020
45290
33747
4296
193
29289
13879
36719
41178
36996
27488
35763
35770
40950
8832
18395
10175
7555
5796
14033
12572
4743
12602
36446
30129
27772
11326
16099
41740
29696
26435
20937
43973
6501
23408
15150
15178
9280
8060
1992
23199
2848
20801
12919
19240
30223
21444
45179
42485
1882
47905
27545
17786
1798
49813
32797
40576
20063
26398
49559
35893
46576
14057
38211
24044
12782
46642
4326
35022
16427
14319
5716
48672
9802
5361
1472
1527
8054
17688
11768
3589
8951
16129
2590
36323
43347
41711
26796
118
44443
26503
22207
33045
10169
30477
24530
8892
8186
26973
24865
20292
28260
10027
28769
24156
41205
46953
3509
7093
14624
46443
49743
32408
38762
6592
3811
46039
38525
12724
4610
15370
14398
9903
17708
34280
31067
207
32035
18920
3855
39013
18934
48368
37069
14649
46454
30398
39344
49531
5309
49309
28885
39489
26401
14425
39667
11658
48697
40666
43934
26604
9349
21564
25740
14175
22690
11113
29335
33865
46931
49905
17645
33014
5845
41804
43917
29471
24260
33407
26643
25736
26513
31871
13751
43274
1426
23821
17539
44158
27115
19343
205
48694
5003
36340
40645
6026
13441
43370
48780
49951
33320
29532
6665
25305
31532
46671
43331
41536
47421
35348
44431
40045
3801
34072
7482
5898
28098
14700
32599
11045
27613
8741
26655
48373
17801
45330
40297
6027
3930
24784
8748
41184
33364
13747
33083
47431
47331
9787
14070
43169
2876
10365
24190
33676
25350
15528
40763
23847
16768
4700
5655
31993
26128
23587
27726
23237
9436
21292
21094
4315
27615
15894
46536
39439
7086
27466
1996
744
35211
18870
2349
34467
29844
19538
43813
8306
49622
14648
27991
41380
36065
27505
26180
43988
36669
43670
23997
5976
2155
21823
47719
22818
24018
23883
32015
30037
5937
3348
32713
14026
15426
47143
25654
40849
40077
29235
30722
36259
37116
36498
11861
21572
33760
30716
7590
29945
8928
11100
16132
1568
27033
30172
48968
35235
16881
48854
21051
26443
3196
6220
35962
7528
33184
32068
17215
26218
46929
18250
27251
47471
20259
35679
34657
4569
30483
20118
24760
43738
6295
22559
35602
32152
49943
43734
17121
20412
3305
21843
26442
7545
3952
37179
8128
22310
42981
31357
43943
30789
10910
24621
44328
20763
19712
46038
33163
27462
46367
46077
41538
27300
35249
20779
40692
140
44200
24707
37472
31309
35627
31985
25687
39630
26038
5776
36600
13392
47162
12689
7994
11702
7504
23786
27322
41660
30758
5266
17812
48644
48207
16863
24748
13832
40868
4757
20183
9504
18682
30317
26380
9654
12857
15982
46164
48343
48438
30612
8013
8478
41016
22702
18332
15
36652
48642
46154
29138
43495
23247
13009
29849
30952
48164
27
20049
24906
28664
26060
24518
16252
5890
12843
44671
13073
21665
36748
9082
8719
41957
41947
8840
14474
2733
7125
7178
2078
31850
29929
34964
19706
1482
9779
35149
45680
34686
43643
24945
44567
6975
9532
17003
32162
11322
4655
36443
41346
31192
14185
21924
3300
1719
43214
39922
30372
43623
29645
698
45636
26589
8618
23696
38054
39583
10519
45774
16696
46629
29963
27573
7188
2304
24206
39266
32364
3692
11813
48957
11025
24183
17325
621
45093
3891
22010
2819
16708
21414
47949
2001
49930
26700
38660
1903
5119
13655
1813
16849
33363
29008
6569
19301
25817
6766
17263
7942
24592
3302
7701
26450
13867
47810
30989
440
23810
22845
8129
11039
17875
8938
12359
32423
32272
4178
21881
29263
24961
31550
32709
48505
41022
7973
24470
45239
16429
18646
11653
6303
49059
26006
17159
26910
32268
16445
12211
43150
30438
33528
23349
8107
6957
5416
16621
5345
33471
1531
47876
20492
47606
5941
1657
29200
19027
24056
47869
13641
45073
32448
42889
38083
32908
13675
5069
20135
24094
41147
36477
31690
27298
47743
49527
9136
9471
18971
5446
11575
11283
12245
42873
34082
30970
2692
46851
20987
9369
43553
34355
36399
15295
10012
37408
22795
30397
33022
11936
1321
26586
47814
7899
27355
29465
24177
4995
46125
11264
11803
21128
27514
16433
13056
18498
42965
48594
31665
12819
10634
44551
47141
4327
42213
16137
34407
21107
27384
18897
15561
49740
33613
167
7176
17005
8015
41575
32421
32206
45999
28246
1854
25078
37535
10263
22601
45283
35259
7139
45948
41568
34037
37612
45114
5280
49628
31766
18043
3419
36738
3803
27458
43406
30752
14602
17626
31575
14841
34054
5685
37763
47577
3013
19136
16452
47496
16612
5596
47136
45511
34500
25759
14214
47603
46831
37429
36236
23409
1427
47479
21751
24797
10878
29430
42199
472
5322
19214
16447
17094
22020
22533
30635
10719
32240
36986
9013
27567
34843
28475
21639
13234
3372
48116
17563
31672
26343
23198
32057
6805
18540
11558
32722
19509
33606
37663
35644
22275
23154
17498
20297
22358
8166
9127
651
40390
30084
12797
17202
14292
31363
6968
6245
26805
47788
31852
33677
2036
8505
45839
23393
7812
44285
25434
4967
6128
26611
48129
22641
19185
31227
4459
6713
21748
48338
36789
42008
4224
41331
31615
38766
11881
20738
3075
28134
15309
41474
19164
44519
49948
27021
23538
23689
43932
35936
35634
23803
7324
46845
49277
25363
43479
23986
21746
16458
25566
47631
13412
43586
30836
32871
43689
46105
33817
1411
19375
38586
37303
47883
46912
21472
34486
43714
27453
17630
46676
49197
45381
19486
28349
356
3542
48069
37834
48175
16817
2075
28375
26227
42363
