22312
22479
34063
21256
21995
11827
3
2187
48192
17251
322
1249
16122
5816
31590
41597
45501
2083
31111
43101
19359
15943
4295
45268
35227
7282
25629
5043
9833
6380
4903
45676
42783
33388
42828
49121
22995
26718
17958
19954
18680
39270
24024
43491
34503
49462
3187
23640
1255
48200
34295
14916
22142
4772
1040
10141
8281
44236
7662
42289
39467
14306
7821
23099
49087
11238
33342
9518
12388
1302
5958
49183
11646
38077
23902
38958
31406
28988
9431
3427
19366
11340
43143
484
19620
33837
34791
40423
49171
2039
967
6722
29573
39725
29055
44098
11191
33615
23068
19469
29211
17063
17393
41869
49979
20093
13498
11884
33229
33090
4973
16392
37778
3864
11934
41839
8792
30530
32223
27845
43035
23114
37592
11455
7412
34335
7898
18228
23196
4809
46971
5802
40010
32200
13790
21791
43534
13882
39997
23687
19647
49881
15698
9249
28013
49139
4567
8804
22782
35418
33686
34896
2478
14863
23522
20577
15636
41159
18749
455
9648
22043
18180
33401
42001
43490
5984
45322
19746
5481
21494
36094
29697
49775
25248
46214
18199
8923
15411
27008
23791
15376
26504
7450
12654
11296
21542
21638
36395
44614
39705
10573
4485
34885
26475
38097
23828
11796
36812
43358
19845
365
11994
17363
46554
48053
3666
36383
19200
22496
21904
38186
49176
49863
46201
33589
30944
20630
43612
24574
11496
40380
39807
45911
31763
35528
45719
28537
794
40215
39381
2091
30009
23715
15723
8976
24042
26594
27236
25925
32017
41939
7111
19223
6433
11036
20432
22660
12300
4650
23636
49280
31243
1567
42586
22851
28104
4330
49899
29256
43423
36050
4834
8380
38555
9094
36771
32262
9126
15158
27831
36808
48486
5830
3389
47797
14718
14203
42979
37220
22139
15201
35293
21851
40792
15077
17101
999
3944
37020
42800
33811
1128
1554
497
6983
26830
44068
25931
32345
43201
7976
2751
12794
27493
13584
34224
49112
37321
45764
6447
19923
13082
26849
27932
14752
5343
31957
40488
27312
16231
42758
17957
26340
37859
3632
43158
25518
18063
18473
35722
40141
16075
19762
5413
23157
49120
3380
415
29210
39228
39142
40677
36664
20673
16416
736
32942
22042
32466
49115
19134
9261
11834
46748
11478
45661
20107
46165
15009
20508
35005
1613
19726
4779
28797
34733
47548
13170
27233
28514
23544
6688
47458
11825
44953
30138
11098
5141
40382
38074
42448
34405
10238
9178
34540
47565
21926
13792
46594
13316
23025
2235
34177
31183
4947
41507
44131
42148
45580
11975
49735
15345
44457
32142
47824
21788
32028
48216
48630
44420
21363
45826
7191
1717
45919
30069
21736
25506
12605
38053
36339
1105
3700
7611
41827
24933
16611
30860
39276
3840
22752
44437
42761
44282
21483
36086
39030
43545
5391
29294
20728
15956
41097
2569
46617
680
19738
23311
21932
8796
11216
22089
34277
42880
43803
40683
48014
7854
34048
37403
16022
16751
4491
43418
22170
33254
11400
44458
49985
17833
107
35382
37651
6503
24065
24316
9606
36501
11244
11515
49744
40153
29515
31348
4207
16765
29283
25911
1540
43939
1058
33766
5167
8623
48943
31340
11819
43576
38226
24430
35790
18639
43678
41046
7778
48388
33240
40891
19573
21233
19689
28866
841
38191
16953
34541
25441
9969
35783
26732
45613
42572
29672
2760
13150
44517
24212
29671
20410
10467
6011
18367
23296
10359
48993
30210
37805
14626
