30820
8416
12292
26281
37471
20563
5911
19217
7893
5970
30550
6832
155
6073
8174
25534
20362
34003
284
9256
19668
49008
5560
33150
42579
27189
9129
6833
21964
14500
7635
25157
43664
49880
39711
2887
17470
38953
48764
27309
41212
4170
34653
41778
15188
19961
11476
44194
46073
41126
2281
38108
19348
33073
49542
47011
21320
11894
2547
15785
26029
239
36903
14124
25312
32134
45853
11576
37278
22906
47492
48634
24355
3175
26067
22120
2623
22783
37820
40869
31180
13040
41187
37032
39219
21439
49144
17090
15015
42568
41082
9943
32730
43050
37555
17290
31321
20946
30513
38572
15050
33155
31805
43443
31536
22025
16627
22237
8294
19313
5053
20503
29608
47229
8893
19851
2273
5904
16538
5124
26729
11801
31255
4776
30094
43374
33186
29577
31638
897
18874
3729
31140
40558
14536
46057
13164
31940
15922
17280
32854
44189
9194
31863
17635
20307
42525
42270
38609
21793
8882
20530
32905
16980
15942
33371
36381
37661
27315
10933
19019
36696
19175
6016
33059
40567
45402
7074
16239
25952
1394
2486
47509
14638
13449
40648
16522
5128
1288
11930
22429
42597
46384
30257
5923
11279
11482
28532
11057
16437
11831
18313
13732
2141
24742
2227
29321
35078
1972
49036
15436
11772
14534
36590
9294
31533
27566
20037
4362
2732
32708
12172
35287
24804
26040
7070
14512
5530
15954
3813
37497
34417
12757
17533
43914
13973
40049
29123
25327
39458
9489
32836
3505
127
28284
48532
39312
18752
46960
39765
23944
44141
15398
41821
41120
30705
40618
12907
39626
34738
8811
21689
9776
23224
5750
45656
6361
45732
44893
43969
1065
32372
19758
23169
8969
1592
49487
44160
25842
49604
10198
37694
47451
27764
29019
15351
45833
40162
37886
4770
36233
10923
21173
4722
21882
2380
36287
377
738
40599
49615
33120
23820
12538
22689
13623
43858
24734
36519
27891
44930
12191
16752
46118
30583
27301
35307
902
26656
35375
26037
143
32207
35896
24709
39846
16596
11521
13646
1727
9771
41730
16945
31471
43168
416
45788
31338
38542
26938
49973
35308
6619
25034
16992
995
20984
33649
23035
3421
29951
32122
43744
22542
29217
31948
35476
44902
47745
35643
28731
20016
4808
49802
33182
6215
19246
45543
19513
19754
27131
19802
10054
34941
19505
28338
3184
35030
39044
38823
20127
34236
42762
8423
45920
24622
32605
15585
22100
14136
8704
38377
1127
16448
14899
45569
8345
9544
10041
45505
30844
39820
36279
45647
12161
49219
16310
24844
33356
19334
21329
22677
18557
29516
2099
12551
27109
33539
19970
19570
45805
26148
25461
34621
35765
18539
1600
13807
36393
6847
14920
49326
13503
4514
8737
6496
28515
8526
18561
28242
35525
26334
41756
2002
19589
26654
8978
21877
1470
36070
25908
27034
5693
5382
21232
16971
9056
20149
18083
19559
41985
37721
2870
36572
6427
37503
6715
30133
31021
36391
32316
34788
41771
35273
38615
39624
41649
26536
41465
47792
10557
21429
12620
21397
26444
2012
12323
13722
36197
13413
1576
49640
32248
2678
29176
24475
33079
36863
41735
25243
8861
23117
2795
1746
11479
23292
4760
2843
40549
10553
36593
18745
8954
43609
19727
9749
44496
24174
23937
32128
7142
24895
32885
20488
1395
29976
9726
34250
3387
15886
29823
35905
42316
4732
35958
12223
47488
3273
35037
22807
11228
33583
21255
47423
47353
31926
6901
1866
42571
1031
27619
47626
16195
4083
4382
9358
23263
1184
37444
10461
23594
26035
43598
21160
32940
7603
4565
4738
46228
21371
19470
47416
21216
12835
35590
5758
14677
33800
18193
31888
4473
47052
25459
49414
38173
15067
3399
15105
8759
35847
22610
39076
47241
14044
27683
33269
42819
12875
23018
17580
5613
12638
11172
23752
36823
17516
26458
5356
14737
3218
6672
49647
10431
13497
15984
46500
44373
31939
44876
20403
26988
9364
10602
34663
12005
25709
1410
36760
13696
44016
28383
27665
9750
14198
22138
20086
18157
42023
43724
36724
35082
19517
20269
25834
9167
49538
1908
6067
27314
45525
1538
45851
28991
16322
47682
47799
22806
37840
31334
30943
20099
26814
14352
2688
15948
5520
46701
3152
37236
32626
48174
34893
1326
11209
17788
40963
10607
37622
36699
45526
13298
19857
11051
45849
13349
7350
44975
46147
21422
20790
49983
47875
30456
46380
12891
11325
31461
30361
20114
11660
15200
45046
4921
37644
15902
31771
10867
40324
39627
3411
42661
47249
46189
25107
37283
49118
16033
31149
6604
34099
4948
16178
20211
42476
44023
37454
4488
13780
47649
21710
44635
20665
28682
12957
37466
15947
25156
11647
42066
24400
43186
30732
12022
4645
16202
15451
4481
24620
49271
26575
14415
34778
27052
37702
37674
45102
9324
17109
23092
8749
24924
9318
1771
41671
20235
26507
20821
6324
30468
22935
18593
11990
24249
26154
33612
46377
35657
13969
20170
43568
23784
28688
385
22261
24081
38170
21276
21604
5917
9377
22691
5518
3237
40730
27782
32791
21315
32405
18097
49662
12232
11611
19355
30799
25993
46086
5787
39677
15482
46479
38690
31398
30132
16933
36586
35637
46132
26057
16512
31809
29676
28900
37630
24686
22561
32119
41662
34588
9421
755
32451
48413
29484
6010
16486
31074
21891
45663
28302
3333
45328
27978
44278
30947
32489
15123
32463
48131
11037
12348
774
8895
3329
23536
36155
4049
23953
8717
26980
27833
41910
15097
25390
31240
44335
16192
