9547
30435
4639
32924
23912
25308
16779
6061
30610
10832
33823
8004
17663
2564
49385
22445
29644
11820
28809
19820
1966
15932
25775
2585
9501
11979
35909
48449
12311
34845
48190
38815
46909
17942
12401
21394
9338
23520
29292
39036
2186
4103
30863
3857
13953
41650
32137
16537
34883
6988
47440
35345
35326
14561
15696
19734
28687
8088
45614
18356
48432
10491
15412
6668
17039
26942
34854
32040
34603
19080
38114
4273
9516
48670
17394
29757
3489
29080
11170
34923
15362
23312
6719
16439
32125
8134
42372
33209
38611
8682
29522
43082
8397
8948
44512
6708
40594
32603
16198
10216
49352
6469
35832
9712
15186
2251
14364
12674
32551
29967
21688
45983
7580
45685
17004
38119
30446
58
46772
16323
39936
44521
30033
26220
2869
16818
15408
10351
23964
26518
11809
48859
39091
36550
2256
10400
6812
11685
48042
33283
6974
27025
39491
10477
