36120
12728
47604
14436
40606
14597
28969
15415
17304
19064
49753
48467
11240
33531
38494
35924
17716
1032
26314
15653
11638
10925
32808
39792
24676
20438
33118
12698
6371
14471
3070
24049
3373
45288
40075
35232
33683
22459
48612
12009
14830
27962
22734
38932
36602
25291
7983
24503
32360
23868
17248
31168
35172
48194
7110
14767
31455
14034
26537
45760
35390
43687
7455
10249
15535
13200
21660
34046
45746
1053
47619
1369
26157
42257
2086
37067
20619
14448
26787
38049
36747
42473
16943
42888
49888
37781
9603
3696
16930
20655
13903
28697
42771
1645
24521
31844
44825
33515
