18567
14336
36041
7064
2617
44665
11253
37505
15732
17556
30334
38750
26203
20615
12174
49581
33767
1418
38138
42011
21199
46197
44929
1986
6308
42527
42484
34631
39416
12218
23106
46003
21867
32914
42499
40609
40846
3068
42540
35225
45585
26438
7569
42955
37040
33966
34016
26162
45082
5891
18104
11651
33842
17606
40174
24244
13046
3179
23909
30048
8754
7486
40007
10180
27086
14788
23526
9879
23760
46643
387
33082
17730
33098
6473
12101
4972
2181
28236
26275
39215
28553
34766
18517
48333
3950
28075
12683
9515
35928
22255
3132
37159
408
4992
36377
37611
4702
16237
16551
31660
7288
4693
46029
12456
27677
10960
13212
37177
11797
8109
35849
28497
27662
13746
21046
19577
42244
33180
11812
37013
32817
3444
5640
9962
1013
141
13225
49283
41238
25938
45619
43016
44594
49401
42218
20420
38443
12284
43057
19502
21648
33507
23010
21585
11965
15625
44862
34496
13605
22953
36049
39355
5216
30792
39695
46279
14545
16954
8810
44186
4991
8032
41770
13717
9257
28440
41372
23458
10952
30629
2591
9639
16041
14066
302
3214
21505
35810
7020
828
34792
45199
39562
6203
42842
33790
43725
24420
15252
27375
40975
1152
25438
48412
4460
4288
19926
33244
7765
40871
4000
28030
25370
5562
47230
583
7161
38080
34877
31512
12479
12595
667
13326
2195
46666
41667
5588
13247
30746
41784
19682
19196
49254
9418
27771
24451
6219
41697
18778
21089
3031
19971
49037
4893
11545
39470
43681
4775
9227
12159
49991
26222
34983
43309
28231
