15489
27522
47720
23069
48959
33859
29468
27292
7791
37353
7711
35752
28820
35797
19722
39981
10949
36674
41924
4042
37487
10871
44715
36942
15612
34075
291
33380
20220
37000
20842
34685
43015
7433
39446
15151
4089
49435
33636
23500
32901
45963
6252
46964
38280
20697
11489
20617
30217
10578
34461
21149
31030
28721
29703
2143
36141
12996
12652
27247
10256
10963
45504
9716
43825
32046
11081
22774
25831
29616
23050
10709
1943
28094
37021
392
43668
37662
8304
36260
38014
39544
920
16015
27577
3543
49481
20870
13918
17471
110
27864
11592
26488
48575
48547
17604
41288
12020
20476
16180
3291
17976
34602
11276
823
33893
20466
36464
44089
37289
14622
25179
17968
11569
39261
14368
8480
20788
1909
34157
48801
18873
30585
49240
40351
25482
46266
10899
