14420
24674
15240
42242
8112
10686
14644
3479
1935
26484
31297
35142
10307
46982
41673
8957
44104
10449
15835
13761
36438
31531
43656
3621
6757
37550
7071
45363
23231
44184
362
23629
14191
43595
3830
14040
39516
16691
44615
27552
45588
38941
7608
27356
26875
3472
42923
31269
38254
43155
1173
32956
37585
36819
45863
13184
9382
26495
6398
25824
2217
14321
20092
10701
49010
5961
3019
6589
19855
19015
48571
3405
13272
24365
26351
7214
821
44533
11320
848
42355
28346
47116
41516
15800
9111
17208
33689
41262
11204
46041
6412
5818
38476
17084
23721
