30667
26728
30734
45253
5832
1298
3216
25986
44742
23067
4854
39040
41584
15071
14453
46403
36309
37679
44034
15928
35056
15934
2404
42640
4118
17443
12861
17281
4138
41267
49751
44658
34356
32983
3658
36541
49252
4230
4337
5115
27231
9093
35850
29791
7687
25445
2100
40936
45109
29669
21596
8563
3374
43809
48415
3451
19249
47450
849
49845
6196
7546
41090
41381
40099
36210
31403
40093
49949
17161
48753
45014
44870
9100
41610
21780
46203
4687
41173
26997
34172
10324
7902
46625
23462
20623
17567
39133
19161
26063
11865
15617
26052
31041
13692
1161
9128
37556
24658
35465
22534
25651
12885
26703
35696
26251
48196
18956
37784
19596
5144
39561
43956
19426
6147
4294
17512
5838
18366
34487
886
30070
28546
25552
38260
30085
27924
4915
22828
335
39892
3385
25140
42012
2262
24199
37140
45315
17998
35120
43750
5561
34832
26903
40529
36726
18046
1308
17747
45364
27602
48820
23402
27607
18374
1609
31119
16430
49190
1542
45957
39337
22468
19285
36791
31823
14335
35895
19518
5614
29260
22027
34123
3901
11048
23449
41137
22309
24192
5507
37288
43416
2639
31594
4105
27583
11632
31539
31373
13178
7462
18771
33814
1250
13288
26767
46978
1358
34420
13680
49095
37981
39549
24541
7007
31390
27341
5275
23858
28647
41783
46945
27142
7449
30859
15052
5988
18738
2578
15081
22054
24828
27457
35537
1292
19765
45495
34920
3935
2812
8009
42259
34643
33288
48963
49734
21501
30290
719
7979
47046
33841
29594
7434
18141
16232
19033
41812
36970
35061
27066
13995
18168
