10712
10613
10866
17908
7667
15794
40218
14609
45697
41344
35684
4021
150
20866
45956
26798
17099
40895
30364
20927
32375
28819
22423
29004
29433
23923
46807
38310
10935
5229
7006
42332
23120
25069
28033
25549
23442
34739
3584
6973
39894
38576
6164
7145
9412
37801
47348
5073
2994
19247
42927
1685
3832
19095
33491
49071
45296
12968
37954
30882
6124
8401
22796
18527
31995
25109
44601
41714
11211
9450
1448
749
32315
39551
5833
39120
46667
22667
45431
28461
42251
6045
3704
29360
16089
13881
13067
9785
29590
32416
48339
16399
26262
40424
36971
36047
34706
12506
17338
3118
7521
47729
46516
34848
13923
35951
29371
5808
11988
