9115
19250
16758
5663
13488
44527
39313
8572
26416
29056
4040
49507
1616
48385
437
12002
23588
19763
17145
5587
2851
36060
38321
17642
46362
104
19296
7894
47752
15325
39111
24901
16234
49346
13712
22238
40011
31018
46395
41138
34862
30805
33206
46461
32982
38686
46548
43894
31276
4149
45099
35736
22767
31900
27172
18291
24275
367
39631
43380
12592
41323
13383
39682
46464
24816
24170
41175
13765
23425
1636
12379
13103
18584
15724
47597
37882
21981
43365
37228
29225
9973
46555
36516
27119
19003
8002
47254
11761
32830
32988
41669
37452
12320
11465
41514
11348
11265
14616
16916
19323
41100
46126
5856
24127
6395
4363
34147
19584
22969
10689
29167
30888
12998
29780
43792
7754
6621
10753
30540
7789
6261
8998
7329
41878
9454
10416
9494
33441
15294
19814
49468
29794
5666
27050
17902
22038
8457
5279
5471
4739
9478
41543
35910
49476
4506
48424
9379
45205
7503
24395
30925
32691
22372
27324
30985
36869
26642
7242
49335
45921
17276
21672
832
42166
4129
42112
36467
24951
31522
12979
15804
25678
8986
28365
40781
32000
43496
37856
30564
49098
6984
33265
12883
4927
14021
27103
10945
32650
42802
17095
273
33808
12119
4872
23959
49936
36974
2598
26532
23695
46014
49442
36053
1711
44788
38500
18510
4262
11169
6212
26091
23852
40828
32006
7565
39451
40592
33942
49903
29359
30286
29980
48204
3899
46598
12999
5761
10617
5041
32277
48736
21581
41426
18995
3660
16850
2324
28944
28208
21171
40903
35194
28206
30324
45736
26930
18543
25640
26531
39504
37607
48487
5483
4351
42467
48938
5403
42533
26147
49214
16919
14927
28734
17913
8208
12217
40614
46329
20776
3782
12937
12597
39129
36474
31782
46525
31463
26395
7535
39033
35689
43200
33109
16986
25671
8722
46292
25032
38985
36950
32833
10669
43606
10331
17537
1090
43027
5235
43551
36308
49970
2512
45886
15831
49100
17022
44017
10373
38666
35821
32755
18085
19255
18396
677
15393
34004
35593
44695
47535
39800
27023
33488
10134
19088
44172
31448
17020
15297
49671
3562
15582
701
35399
630
42827
7772
12220
4446
5912
22334
13800
25041
15646
32323
23066
3591
10595
2241
19354
40156
2694
30826
31050
6421
21312
22366
8684
11973
26397
29426
5538
11666
37178
42217
12163
43605
14999
47651
43994
8133
31648
28964
12225
14151
13432
15682
36641
18725
32995
48928
22137
18912
12986
40302
32454
31088
4706
23074
32293
26941
48463
24489
22602
35035
40593
33754
15910
31870
38590
27201
7439
20849
17477
