25211
11421
33523
9839
19638
37417
3122
23126
30558
33398
20817
36153
4777
14789
40037
39242
32649
20446
21740
1259
27880
21443
17849
25389
24540
41540
8258
49755
23384
8300
3301
28693
44690
34159
40230
33838
48374
27143
17637
43334
19205
25063
16043
3156
30245
48288
36939
2576
20718
42919
21326
4214
27230
45572
35563
37066
12235
29560
30858
28467
17966
37488
35417
24119
15196
15515
24167
6697
29388
20440
17946
4373
18149
28681
42918
20562
28824
6637
34272
43532
37305
4419
34709
49553
23073
32980
32803
3533
45118
12886
30414
18211
21291
35521
23982
21547
15078
34550
8410
4769
45149
45529
35952
17165
9760
6880
41447
49696
42658
30916
37075
36036
3255
39338
15916
15431
14045
24381
28844
46995
25359
363
33906
5747
25729
44827
3125
20608
28217
29125
8518
22756
11175
2890
30534
15999
41563
391
16352
32113
31609
19413
16591
25859
469
48786
12492
47397
38089
48664
12435
12779
28332
30942
