14363
9063
11731
34731
48613
11703
4309
4002
45478
41983
38574
19377
21694
42702
15873
1493
48344
9185
15559
25386
49516
37935
13492
40988
8655
13408
20231
21663
11179
6823
5784
49490
47462
28981
19771
20089
12389
11163
48991
7779
19034
11361
4441
38515
46442
37927
27455
45595
11393
21228
31989
21641
10064
39722
40025
41692
9555
42339
17859
34140
9251
39871
49416
32826
9268
14328
42863
13891
6136
46911
40439
43369
3157
15407
46556
42893
25710
19461
16246
45673
31968
3185
36718
3791
1061
20648
17429
11120
32582
8765
23513
17653
34392
29259
13578
36028
752
23571
49632
25611
23781
16236
47545
43258
41934
30911
21099
4205
17882
24322
31620
41766
28339
37755
7833
2232
49470
14630
39598
36573
47552
31196
19957
2992
11109
39867
34012
17279
49496
10130
48519
49599
16844
13268
31329
25904
8153
6788
28534
17190
38673
23965
32164
16741
26122
12776
32960
36007
18164
44928
24364
10817
31411
31714
34918
4480
15834
41130
47092
23338
39995
28394
21347
23763
42024
8071
16771
14168
6528
39320
9027
17343
38071
38652
42016
31555
12778
40053
23316
34165
48348
26333
37272
12642
37318
3079
40755
1006
10203
34394
8925
20251
21431
48444
24029
35317
25468
12887
31318
30154
23274
16109
8725
10080
29989
10505
2031
17880
14371
2323
35630
30708
29232
42354
26364
1644
12158
39191
2570
28458
23474
49427
4494
22778
1019
12849
16762
4470
21825
5965
11312
32668
29887
3981
19271
14876
10528
275
46804
2410
14187
30977
13289
38860
9693
21365
9988
25373
26906
47736
37157
46776
760
25139
37221
13868
18717
6432
2630
24678
15140
25400
29584
33738
31010
31174
46714
22797
39304
7630
46655
29272
43305
35653
36439
49026
25750
21385
37777
26383
33631
37060
45309
23969
29204
950
24822
17164
12981
9709
29765
37739
40347
5188
5190
9757
31061
37299
43191
29923
33261
11751
39898
8191
2176
30194
34620
40020
10451
7252
24827
38344
21050
33728
6304
29023
25077
5087
41408
47984
33780
37602
15121
26319
3365
45714
39427
39810
41093
19098
23621
15358
33024
46497
38955
44396
15219
46030
13705
48695
22630
44898
34403
20245
49137
49742
12335
47105
6591
3521
29472
38992
29081
96
9359
13851
24027
39987
11059
521
605
31125
20377
33178
39607
32642
34529
28778
45693
25707
28279
9402
177
14261
8607
12612
39911
24569
23232
36390
10126
18192
4586
13286
15000
2912
40701
17153
24959
46350
49771
3130
419
29776
20823
43466
16209
5909
47086
9313
40996
32154
3820
48102
2875
39938
19061
30526
33284
26315
6587
9061
31090
5072
30238
20328
38938
74
13206
44792
13823
45484
30244
39010
31014
410
12906
6214
34576
47685
36227
25212
29526
30772
14199
31834
24716
23466
33644
42120
15923
2950
32521
3718
41615
12518
30880
2358
10057
18594
15346
24496
15256
49288
36071
38532
24610
34226
13438
5800
25072
38878
398
17361
35102
5649
473
38861
15989
10767
2300
34481
26018
3166
12686
33862
44956
20865
31184
46005
11304
32874
25971
19052
31668
47263
34822
26182
43700
46216
27743
6435
42928
4360
15657
36757
15287
29322
43721
16659
29545
3258
102
6300
42049
26359
18325
2255
44007
12866
46566
27217
10771
