22452
9427
34710
18545
12836
22544
12982
39480
19403
42368
18373
12408
20964
4763
23991
7989
18336
7303
3896
43185
15443
9616
15638
12309
889
48022
3578
2662
2586
14913
42098
42897
34111
26256
8924
11788
16797
30913
36184
6731
11495
39004
7438
9873
42957
797
32707
28124
3206
43765
2895
42350
22380
48493
22504
48506
30363
18006
18017
19581
29203
14709
25699
27063
4252
3969
23392
41251
38020
45992
16364
41354
37528
1008
44242
19362
42002
32121
49557
16805
3215
12531
29599
39914
3402
46607
20746
24651
42555
23190
11643
34984
45927
7840
49701
30971
43827
33897
6750
30301
47891
23262
35077
16507
10334
36732
18205
11997
30142
10112
7083
7490
34775
19498
29569
21215
19319
21378
36825
2354
8740
49727
33556
22104
45778
12596
19624
34586
3629
46317
34787
18854
34776
44327
33878
15969
29985
39780
1148
13148
36737
30511
2782
23860
45677
32267
4998
6256
24818
21935
15707
18236
37293
48923
27295
22184
32010
41
28390
45955
35880
33251
13022
21150
46137
19960
2060
4410
45544
49901
23790
45695
21758
24693
16770
5192
19193
3728
3313
39678
6110
10371
34340
33444
6150
11609
13418
32838
22181
10185
28747
12140
10785
19493
14748
37225
31283
43902
10088
12313
40617
25068
39094
19350
38840
10322
40978
22731
5709
9592
10507
47417
45143
47179
22300
28792
49836
4369
45263
49061
7008
40682
37282
34366
41436
41843
22322
10369
16662
33710
48860
31121
26580
37757
24453
38719
40845
18661
21303
25091
21826
30958
19571
48320
17515
40739
47907
18117
10008
24437
37229
45483
39437
32514
38806
11070
39401
1799
7656
24815
18403
40623
46008
21533
29942
2310
24580
48274
27354
11600
41560
32366
1309
41897
43799
1829
49685
46823
33913
49279
11577
4637
9572
32593
24421
19454
1253
1360
26197
36165
7271
30024
25426
34056
46356
23554
21362
35534
47988
9742
42325
48759
26001
20325
26384
12033
13361
43566
21120
22354
35874
17978
8028
17147
39924
19342
39655
43002
35780
49063
5159
30250
26771
3042
31322
33647
29843
21750
14827
42050
2501
20669
10980
47712
27519
43829
26112
15938
36958
7818
7506
41894
15903
27732
1560
19541
43266
22105
18853
7463
6056
14228
48610
17146
13697
30409
12646
39694
16292
7525
12038
45084
4710
19594
20143
8971
29030
22327
38308
31511
32519
25808
23062
6513
43325
10215
19655
9976
47528
5499
10086
6167
46588
39893
15251
18010
41379
4107
37780
7934
25819
47765
15007
37726
47029
45662
24997
15449
43499
8688
9826
37655
20284
15229
15191
6658
37478
29337
22899
10901
19866
16785
30643
9679
48523
13784
45040
42490
20098
34938
31769
15796
42209
49495
19
37658
21030
6817
44572
19194
19402
35179
48616
19278
31250
39952
18820
40460
10865
49692
6855
32962
29981
46550
39797
7415
12659
29512
15349
25636
4006
15603
40596
12749
16177
41459
42266
9564
41021
45750
20043
14345
15223
25214
717
44149
9732
36532
26600
26682
15110
23726
