3639
17511
5205
48745
31013
28164
41322
40078
30813
40787
42878
5677
19166
29868
4304
19039
48051
19813
14771
15766
34078
18509
895
10024
12041
43870
22659
12265
44174
13544
41343
8465
771
43105
30702
32584
790
6969
30559
13548
23547
25296
44553
16831
40071
4090
41719
6522
16402
9569
29643
49486
35460
33719
39993
19739
6669
42282
25145
7363
18410
43026
47172
30222
11626
46345
27859
31382
198
24326
15403
42281
41906
33291
44411
23591
12997
37730
18131
17759
7192
27059
9186
12908
23026
35877
1064
3499
8805
33991
38551
20536
2137
44341
13305
26653
4077
30314
8131
37761
3355
35090
39649
39074
40301
30102
5875
31223
27576
42547
25531
10155
9567
10275
32744
22576
15613
2624
44801
10218
47782
24265
257
19072
34837
16422
11093
35170
16124
24353
3194
30419
40394
46009
24427
19531
13448
47056
40041
32138
10453
47819
1971
8823
37131
32485
32810
5039
13264
13243
42414
46078
28227
15404
7980
47990
7452
4502
28269
7664
22971
25932
3045
12697
39274
48623
13508
44092
25460
16792
40827
42694
22839
40551
41249
39507
16594
14264
1507
24944
29048
8033
2828
7578
30609
18797
49608
12741
1917
45832
6005
17722
34228
35741
37714
5054
5870
4716
30800
46873
21182
18929
5857
39872
40121
5968
37126
16146
15324
21537
11548
95
27345
7160
40720
25206
2817
4774
46684
47927
32622
45200
22688
2378
46723
47013
33851
44357
30087
44555
6357
33706
46850
39371
44921
28219
12621
3431
5539
32436
29715
7512
7046
4238
3211
11921
48595
18617
37998
29771
37216
34493
42622
19786
2207
20907
29333
793
16004
42966
13522
17933
35680
5186
29762
18900
42994
44760
15019
27673
38463
36615
37521
