30042
38691
23783
12366
21418
43774
25133
15210
3091
31655
22545
44884
3798
13788
30104
879
40904
47164
14958
22383
40578
38564
48100
49723
22931
47309
33533
6683
41091
17552
32589
20263
45203
19909
18004
31899
35040
44181
31278
768
25416
34761
44669
25920
27717
46847
556
98
48188
48666
32439
49082
13245
47298
2388
35944
40194
7673
12194
47822
2979
38466
8016
23798
39858
891
22529
45464
28727
49795
67
661
6870
44804
5773
14756
9400
34259
1811
32740
4794
45270
39449
22980
39138
27930
16555
46759
485
35186
18827
39034
39471
31703
10279
6819
34618
49839
14389
45551
9717
46563
23059
2796
36073
39414
16396
44277
7120
35776
3515
32558
48150
30247
36522
14932
49194
42342
41174
40877
16398
43620
38930
35732
3388
48885
35636
43662
3919
13301
28418
43430
24852
26962
39234
18424
13919
42095
49040
37904
40146
41253
9417
22474
47505
23236
2345
977
15628
20411
3221
38768
1101
38651
47681
15268
24917
46495
49887
49633
7383
372
12331
35101
27198
6343
13673
33901
34342
42698
3838
6838
44819
43955
16510
243
4182
33801
25547
48265
23277
45250
47473
46129
47218
16990
35861
22586
12941
5786
44807
29960
6351
43359
41397
31552
33951
35485
31855
42510
20644
32299
9729
4249
30957
12378
44262
36964
9062
38868
45688
6369
5641
46634
28554
7949
47855
28271
9502
35557
23616
19066
12453
30341
45321
29151
14621
17117
11254
8092
48776
27472
11614
24737
23720
24974
37012
35280
10484
49165
49898
29539
46658
22013
44112
4715
27099
38142
2520
40853
16084
5853
20458
17579
10233
14800
46824
31557
21294
21852
29184
15017
18549
10625
39744
18531
5888
22004
24203
5202
20185
41640
9403
39856
47438
14802
28565
18081
4662
36742
26800
24014
37770
49215
38229
10234
28492
40407
40282
32607
32014
6180
48092
31264
37590
40339
7423
21098
27134
7431
39958
23627
33955
48342
23510
17240
47616
28566
27561
23397
10656
15944
26782
46526
41186
14458
2121
4405
10292
48945
2268
34758
31261
44032
47
48318
36834
18293
39403
22914
26591
20864
26570
43121
11401
7936
9437
30692
28060
11553
3978
41968
13279
9848
5379
41599
38164
38699
5165
25732
35481
37316
46252
5599
48
14071
3140
33344
49994
43529
11167
17453
21088
43351
37867
2223
2203
15047
27174
45528
26739
20846
15367
7488
44733
35087
21940
10009
29450
17647
18187
29222
34871
44739
41510
27829
2336
28520
43849
11494
26215
36463
31407
10690
21765
41198
2540
47119
39124
45629
31488
38334
20483
7659
48974
11525
8834
28109
38272
27788
21794
18222
40964
24757
16814
12346
4958
22132
46938
