11029
48772
31480
21534
33088
48478
21388
30779
34445
45830
2805
6443
26990
48758
27604
35867
2562
27248
13783
6489
33443
32661
26036
3592
40627
40387
43034
5236
4427
7464
23379
19376
30886
28154
11197
28174
28249
32726
33803
34353
3917
14181
37999
24553
12962
6391
32384
43402
41818
35089
30843
28132
2054
23202
19530
28761
3317
9746
10772
41767
25774
34331
17082
756
38487
46061
46986
24077
2954
46320
40108
28325
19199
15847
28905
25364
33385
12869
32429
2418
23450
20703
39672
35872
3144
20418
32428
26268
24227
48502
35081
16020
18312
47166
28880
4660
38741
582
15455
43344
1506
6390
10926
34437
2168
49806
15161
44625
7947
18529
33494
3443
28802
40242
216
1252
45327
7369
28561
20680
15979
25087
27064
21848
13575
41882
15596
49922
22155
14344
35252
25763
6981
1444
23539
1844
1646
3734
25846
47491
11911
33496
29413
16244
12176
32246
25496
23034
4861
12568
43749
16488
18945
26011
6292
34127
5251
37553
6364
38704
7295
32245
450
29318
36693
26676
39501
40161
40725
35292
7516
49817
23748
46425
34841
33262
32987
28170
47223
31097
23600
23493
1768
40398
36292
33835
10288
44604
4120
41417
40794
32496
22233
22323
32511
3514
10727
19852
42317
40471
16940
38596
10442
11571
474
1399
29005
43591
13097
25946
44416
12433
46965
10258
27816
37564
13774
34712
8850
33810
47754
15777
44771
13617
45452
45305
46440
772
40374
24376
20513
19138
49313
19719
22903
41342
42373
37250
27105
5724
27250
22721
22045
48278
21119
7237
34705
32674
19329
7325
20636
17408
16182
43632
14898
38658
2018
13371
21011
49457
30693
19381
3911
23730
7183
1226
40690
36594
20354
15182
6018
23655
26485
210
34664
3996
21426
30788
9743
48169
40411
20346
46052
12412
25278
46492
24568
29748
45876
26377
37255
1772
48597
17350
48900
27406
22087
23419
17992
30921
14465
32018
10121
49577
4104
23234
43300
36013
16200
43651
37684
33625
12263
27926
