39026
7683
15192
12520
4435
37849
36397
45366
1140
8509
29032
17656
28831
8297
35338
48151
45769
19418
23698
16309
21630
17596
41476
45649
28667
25794
18412
29789
9937
42330
11717
36998
22199
35158
19793
15194
11128
43584
1963
24406
28181
30661
13260
15136
48316
32689
270
43273
2958
16872
36061
45204
48996
30312
29861
21743
35279
9870
37681
37928
10751
18579
18272
31038
7347
26360
12030
49410
34702
8336
25876
11186
49034
4835
16483
41838
4081
17278
15663
37537
2485
27039
18742
18759
26954
28715
10849
9140
6774
34993
22692
11362
45820
157
11078
2243
23568
31529
27723
24268
27386
5919
43426
21271
9023
47804
17870
49266
30794
40714
1698
14119
13997
35708
34312
28118
9073
22888
14428
8536
660
24788
30674
32741
4771
294
28655
49762
568
37473
35116
44560
44880
22662
37380
2582
13465
8927
19466
27692
28387
778
34977
36864
24468
22737
33864
22034
33769
27182
11781
10001
44588
12228
46786
13991
29351
43221
6815
32545
24240
47260
12493
39424
27331
42638
34114
42168
38197
7146
49126
39639
176
27518
44082
20262
1071
39146
31727
46138
1861
2768
40587
38496
43515
36892
36618
8833
25537
1025
11208
2131
1376
1836
41895
15961
15377
