43338
28956
3151
14101
18253
44460
40322
47461
13816
47333
24104
33129
38552
40697
10545
42750
27971
39684
24286
3349
145
26400
36367
10429
17781
35762
14901
8643
43061
13479
42100
30315
24142
41937
8318
16545
40812
18145
2925
34106
34125
17765
7076
33287
19405
35053
39860
25113
31605
4520
15658
43922
877
11046
8865
24068
45388
45410
22779
1454
2180
18676
25494
47762
34231
6184
44372
40291
45457
21614
6109
13025
30548
4095
27836
33740
45121
2490
10740
35633
5353
24168
34515
9378
715
19931
6426
19276
11594
32664
15059
34730
4001
46152
13728
4328
12392
13661
15591
22870
7440
24847
11870
32795
1886
9483
16843
35984
15382
3600
7212
10568
4091
27177
38714
24490
40369
39989
31972
11753
37960
26476
34207
18986
15265
33905
49612
19948
38358
15422
6709
44574
11608
47308
16074
2321
19142
10010
12954
39836
2632
21197
18020
47640
48704
12873
38903
17260
1689
43791
28285
4901
21424
18238
20614
49103
45137
25257
21577
7461
10393
34891
45219
49565
26888
23562
23507
8887
37364
25454
26460
15740
27137
26302
32319
17500
38819
27760
31339
45573
23846
30795
25047
3384
3469
25099
8975
24093
28120
5427
29436
18288
31293
7460
45835
30050
8553
28222
569
5396
48330
35072
7622
17344
39080
49053
15652
45365
30741
44830
26743
3286
39652
36453
18415
1514
32404
15635
63
26246
12148
48299
41401
10217
37375
23685
44767
23090
7692
10841
2519
3052
42401
34270
463
49623
24021
34137
37339
32947
31876
23984
34304
32928
33270
1327
7308
18773
48823
25616
38370
169
35682
16401
45890
37802
