8035
20150
36595
6728
14734
23607
6069
43763
33100
16440
47575
19833
18054
17981
37337
7954
44207
35180
21097
20367
14260
48687
15754
41635
3471
21870
42141
30020
1132
11223
35808
7245
23418
12169
3290
49972
35796
16866
9434
4468
2618
19344
19310
35898
17225
49030
40724
38610
45780
27215
37411
31211
4866
34484
37467
31890
20060
1185
33840
1593
3688
11517
11449
34086
16434
17590
28652
6949
45902
3143
24559
42671
34073
32943
47592
11063
213
28628
33645
810
42691
36505
39492
33177
34863
16170
39041
2906
17938
35398
43350
14812
21468
489
47634
14381
21835
30108
15734
33068
9896
13402
22847
38790
29518
46225
47293
72
23684
15239
28781
49394
3973
14027
6137
31009
4875
38012
41028
14765
9509
22456
11750
37897
46058
5657
19208
19888
18185
3918
22268
3481
21185
46810
49761
42844
28935
28856
17806
7600
6349
13576
46208
46485
49391
3093
7471
31378
45582
48645
47716
20699
37695
1396
3753
4222
24607
31681
7044
19598
13031
31808
18398
29563
4591
26597
40658
22537
10050
38912
22254
48448
6936
27252
22154
19168
15363
43229
26647
9625
8955
14570
6106
10569
28720
20201
29298
29872
11687
8524
11771
12818
5217
28379
14745
28604
38753
34418
27479
14600
9168
22194
5960
26716
49999
40552
28377
12024
31299
24289
23756
12862
38060
21445
44029
38746
42415
22250
48270
19441
45633
20930
41986
31058
44176
11999
15257
24501
13556
49886
49318
17261
43539
46196
27984
30783
9174
13066
28615
22883
8030
32695
8320
27794
34015
23429
28590
6618
17254
26195
11103
13335
36131
11293
10502
30128
47892
18215
17171
9407
7124
41978
14123
47671
45654
30351
2157
41807
38388
46133
20121
34771
31933
18
34895
4112
998
24730
23978
22314
15820
37244
45969
57
36322
15409
47312
44423
10388
14179
38465
11735
12070
26640
33557
33104
41619
20798
21905
12822
2840
31270
36782
28315
10138
37465
42067
14705
48302
18469
11855
12738
8968
46382
16080
42136
33200
18919
21500
46670
24823
14560
1546
33485
29564
3687
14280
44699
48682
38721
41732
27902
14675
36855
10571
48208
25882
27302
18162
38947
29126
7206
35268
11966
48587
41862
39887
754
34819
29784
45104
39963
32781
47848
11915
20241
3339
31992
10562
28485
13931
13907
17892
46082
36952
23213
7029
20249
11319
18121
12370
27081
26043
45225
26622
44955
26999
994
43498
21523
8646
49221
3417
43236
22065
36630
22391
43832
17046
42078
32378
24614
16895
25923
28600
40115
38256
43853
39203
27524
8637
12972
34539
44501
6004
46796
20613
1115
45174
43175
23642
30321
35206
6211
23962
29231
12042
5426
8995
12069
36129
44824
32183
48153
30506
48662
37320
4438
40515
21678
19127
7538
188
16479
1098
31783
15669
41708
12949
35744
39659
