46981
20126
23553
12571
6059
1153
20998
45745
35122
18368
2331
11281
5527
45789
39410
15483
43346
761
3804
36673
10565
19705
17365
39121
3994
24558
35148
33125
46439
29062
34142
32108
37170
29070
49261
10992
37251
613
18023
37335
3572
2977
2377
15921
13232
10463
44828
13419
35881
11258
3062
42666
27395
12961
49429
21540
30491
49404
9530
9448
46972
48848
19990
18520
46034
13311
11302
44279
12436
34965
29153
23366
36880
31998
9734
49707
38724
30891
42683
31351
23058
4066
31588
1052
13580
5440
37861
6097
16009
2326
39144
10711
29310
4531
587
38125
37844
37605
37008
3316
7351
44745
22414
40019
34210
14794
32226
34718
3714
31077
45930
1379
14223
1067
9797
31982
10717
4266
33460
13688
37481
11931
4678
22585
21399
26259
10097
32906
6373
47378
1280
19113
11035
43327
42817
203
23929
15416
48341
29566
47847
31353
7203
24141
39917
32111
29642
48236
31251
10508
14725
36064
6888
13317
38663
3613
11641
21883
17455
27789
21771
42715
14946
44815
12682
5418
43977
32859
30761
729
12026
41256
7562
31685
48536
39733
642
21593
17800
17724
16316
28909
47740
46754
17853
24180
29548
12824
38354
33565
35581
17519
9362
46015
5307
33304
24702
29857
9012
24072
48402
24477
19832
30725
49914
24455
48683
18913
34994
22009
21136
22140
36932
24509
32800
36787
45971
29212
21109
38824
12899
20635
30281
1155
12540
15463
4712
19684
14804
7527
7292
15243
2529
18885
34386
14966
21398
25332
23908
46685
28074
33499
29786
45507
2178
7189
10895
22755
6246
32080
33042
37709
29015
1820
20134
19237
17359
39614
13207
16727
40475
20385
38655
36695
29486
5239
9153
45450
32525
18633
5729
42312
37149
19180
26920
35520
44315
16181
48345
34558
21395
1656
42913
49307
17535
46110
12282
10392
39253
28662
15255
14566
26292
25401
48039
2298
42794
33314
26252
13106
7407
2004
44217
2948
17013
31988
37155
27597
31462
2776
20603
3167
41524
17352
25839
45455
10611
5879
27382
40229
31661
13959
19769
6455
29727
6053
32970
29411
1042
42267
39055
23360
18227
29193
16902
