7080
10336
2470
1931
8601
31425
36299
16047
30651
19231
36251
31896
12049
38915
27713
24754
5692
16703
45129
4783
33193
26710
45828
27777
5582
26297
3640
39745
39024
691
40279
11866
1993
34007
31483
14155
19390
7997
22625
37520
43589
46973
44957
19257
22157
21220
1241
9399
47173
29478
5134
44143
44942
5081
24139
48479
24849
6649
846
6383
24241
9517
4013
6919
32190
37199
10214
12407
7182
2559
41503
42498
8462
29130
18437
41276
22776
44317
39155
32450
42237
17371
23487
316
4611
34796
28366
17785
44100
21937
30949
30465
25647
49274
39046
43271
37490
30393
29100
30542
42786
39250
9995
40032
10280
1218
44238
4338
32411
26070
37194
32840
5500
31670
19650
40563
37675
13738
43209
8929
32719
49855
7408
21632
49872
39359
20459
48685
43704
16064
45522
29244
44591
25615
40931
1989
6877
28845
39413
24226
16199
1834
22649
25088
14554
36206
35473
41290
5939
2503
49995
34774
23407
40717
16062
14317
20631
4877
16907
20961
22413
41802
11408
2934
37932
34806
571
38870
16229
19236
32090
985
30035
7499
22918
34190
15498
19253
17905
7598
3077
9783
11396
35677
46502
36059
31967
18760
45010
43517
25883
46483
37298
20076
23444
37629
9210
29898
10471
14787
47860
20954
46490
6472
24214
23434
15045
19287
22817
47099
23867
10403
33698
11344
41110
1501
14083
3551
13651
21776
7761
9951
15170
26109
6995
36295
17434
15204
49801
17825
2325
23390
49272
2952
5902
41105
22102
1842
3822
17770
38204
43333
44273
15606
40989
17149
39393
25768
18669
13241
49867
11555
35372
18730
43636
27074
36177
19861
48332
42574
12590
32344
38499
45012
37790
17779
49107
3875
32667
8753
49582
17080
8617
17555
10803
32953
47161
47714
7727
18879
49637
43867
11466
2079
19921
40379
31017
18480
4079
17967
16164
37035
7775
48258
40046
7927
22052
44376
49370
32155
13265
13244
35038
23578
21322
9304
35215
1821
37910
27342
