73
13252
27108
2156
2450
10912
5035
18234
26445
46287
48751
17678
46505
22206
2967
48913
44646
13913
35681
15898
32950
41836
43003
45323
6399
6659
48277
36698
7883
18209
48651
47773
46310
38441
49776
30606
18321
19333
5171
30987
37710
22108
33290
13629
12569
24882
31903
21005
32003
10167
46839
14687
7782
44562
1565
28627
19283
5113
45519
22871
26075
33084
17415
8223
25843
4671
26879
22419
30098
1356
23617
11157
32167
49928
47798
16840
32575
43861
30038
35054
3491
45188
10091
49130
20033
8502
6331
37379
21518
975
36199
31194
31124
31725
37907
28294
43526
31327
25045
11782
39379
10517
4059
8199
13930
36700
32186
28204
49443
2191
39895
25578
26191
12731
43715
35456
10005
28035
30914
6160
28110
28408
22570
2119
12080
40757
39342
21617
31315
49954
9089
27049
34393
46346
13763
41694
4916
5503
12117
18084
13966
976
26017
7675
23800
48418
2341
31868
26463
46178
32302
37263
12181
30200
16171
37908
26885
19996
5765
12945
7233
40922
