34947
44026
11634
29721
8554
33384
35121
5319
11542
184
38093
30782
38461
11200
32904
41792
24493
43838
27986
5811
13934
29108
46844
21406
45872
46273
29414
40276
2177
25083
29694
40309
31271
35846
32821
7337
5285
25251
9470
10653
7087
33089
36354
25512
758
11599
9415
39778
36004
34902
33046
1282
45494
35208
13314
42792
11132
40087
1583
42225
11981
6032
28876
31122
28137
24386
35950
13668
37677
16347
3672
43485
27853
5555
11049
40538
2238
9214
39052
24923
25618
46171
42053
27967
23145
39939
41702
38952
42723
44919
28877
32237
32929
34524
42477
13947
18224
25622
32967
37171
16588
11857
499
33554
25943
25121
6515
25797
9425
9991
43453
25016
5568
45161
9956
1728
34263
19232
12019
5474
20506
1180
34658
32385
17255
32398
33660
39205
18996
47826
45608
35725
27785
5136
46784
44395
40179
35403
14513
7309
6573
30819
15562
10856
12896
17189
30401
5981
2740
16960
23987
17866
24896
12693
27752
21087
40371
25626
34297
23306
22730
22574
28481
41443
7170
14393
34319
44355
36252
37944
16174
31420
1310
33967
19818
44887
11887
14434
31114
31167
24801
4451
25918
32598
45871
6266
39326
3342
748
26003
35079
27316
2655
8966
10739
27731
15217
17427
10550
30328
5314
48098
44783
3569
8301
8248
9632
12083
16609
25823
26746
15688
30091
46493
44361
7784
15048
3200
4299
16165
3073
18500
42720
5428
11425
