19526
28882
14250
46481
19409
27258
37402
35576
31540
24781
6577
10988
37347
45893
14760
1141
2513
41402
5842
7627
28456
38132
39752
2537
5333
22299
33910
1339
30963
21551
8685
39396
31747
15748
12455
186
3439
39384
43457
24926
21931
8793
9363
23788
9637
39751
38384
34120
17999
1112
21706
4359
16241
36256
20319
226
37712
37789
14819
29746
11678
40754
38437
13739
5114
39157
12383
30064
47507
20147
8206
10765
38710
32106
495
41236
19056
16210
36375
3386
36198
741
2370
45589
11585
7221
47958
7201
39984
29069
38809
5673
2676
43376
39988
41352
426
11285
37281
1207
14125
14937
40499
14073
19894
14354
46218
18116
28155
10503
31907
2220
12616
45449
14090
39003
41786
23358
30127
48350
15555
44799
14690
8344
28323
48139
18231
17177
20632
10362
32847
26927
30494
2447
12971
27294
47452
29496
49764
20382
34636
3844
47078
20712
16088
27029
17660
39147
29451
45513
14903
21737
6845
36143
4936
18012
25667
35669
2408
32690
2030
5199
45294
128
2343
44757
5305
26772
43692
19035
19477
26336
38066
32166
36458
19949
1283
15521
49594
13523
14015
33207
19182
44532
40205
6959
27228
30592
16497
31120
7331
25455
3593
48443
11879
20814
17424
27648
37584
31166
43048
1393
46224
38021
9019
28746
36114
13405
25058
8386
28103
46887
11566
10738
37498
16201
22337
20053
22449
7042
5068
30201
28937
44438
34789
28386
689
19958
25776
44320
10563
37162
14024
4844
1933
29194
46856
14058
25704
21417
9932
48654
325
13099
49814
42788
4159
20481
22992
28698
5394
43506
49781
18787
9105
14080
34801
21892
46450
9131
18984
32734
21377
15504
44392
4173
11533
22666
20720
46263
9814
6494
33208
22085
22198
1974
23470
1323
7317
37121
37226
44351
16536
12733
9406
49911
16858
36211
22996
41542
18015
21508
25024
11468
36685
38923
