17522
11648
20202
2115
35071
34908
46600
1988
27920
9299
11151
42280
3139
37512
46120
14695
29952
10566
37768
11267
49232
22868
31081
11114
12402
47246
23850
26539
37210
21662
21720
43833
11101
12031
35526
45164
21285
44155
48818
39377
2246
39718
4562
30420
22925
49853
23451
31914
15354
17430
42291
44647
41289
25213
36452
10294
37575
10039
885
18817
10688
21078
46471
42109
1113
12075
40459
45324
2573
1668
21010
3565
15563
19204
25356
19557
45506
43477
14438
48588
18380
38716
26238
26804
44167
45441
38538
9731
36205
45348
43310
7952
44941
14603
10295
18802
10413
10510
6927
48184
44339
4541
28001
29185
15138
12834
17007
31505
32414
9226
31232
5102
10681
17448
23819
42207
12475
27162
49077
38995
1223
39259
33889
38407
26294
44132
18662
49485
5668
1580
45730
38369
43280
48775
25801
2757
2786
19876
26569
6523
20917
20145
9054
48096
10691
33238
18657
11570
4263
6419
42313
19750
8125
19248
28762
37626
9708
23175
41824
4210
5429
8175
4859
37275
44061
46816
12342
15601
11556
30866
31317
683
13694
23142
8934
46661
21434
35969
49148
16920
45425
31879
34690
49237
2258
7725
11618
4697
38503
33777
47993
31682
25587
43757
7109
26666
35402
18174
26663
40972
49365
40518
30186
32694
15343
5193
48171
39908
35888
44915
28660
28560
33918
48464
44796
8337
9938
16407
22457
39083
5994
1960
6321
38175
29999
8843
37270
8912
32100
44414
32300
26510
37501
18598
19158
45246
10947
64
24643
9462
42443
34782
6275
26948
9922
1278
40813
47808
37413
9120
10640
31636
13880
33257
23369
48457
15915
38423
2295
17402
8070
29159
31792
4256
13456
30514
41952
18233
9718
7573
43544
16158
42980
42038
21539
48349
41160
40023
23139
1367
27707
862
31781
21790
25151
7544
31244
17923
41919
26129
28102
13203
12717
29497
1700
33724
43106
38914
28055
23758
7265
31689
17239
1270
49543
12810
37549
17914
35830
36400
18475
4251
2584
17571
47050
32022
44857
21773
49384
13640
29014
43433
48084
18972
34303
14006
45907
48774
10623
6837
43216
48825
29739
2734
3967
39970
17508
13527
10019
43993
10036
38027
47909
22719
47543
3111
10516
23615
37098
39875
32318
46431
6572
17074
7489
12185
45097
13967
32102
33699
23949
31035
23054
13365
48340
2697
11864
12112
7247
46103
14200
41849
26210
4785
18852
24058
7133
39719
42653
9727
37387
29915
16301
9200
8399
595
23398
1110
7137
43661
48135
18353
35044
30043
5433
3909
45600
15184
9158
13474
