31602
1281
30019
16921
40223
11136
39372
25806
21188
12722
23799
5316
23116
33065
25631
23258
18436
6660
23654
39975
20048
20119
47884
5529
13817
26628
20435
47705
47102
16648
39386
9154
15289
38928
49621
29455
25572
23151
40803
15737
43232
18501
26985
40365
28248
35220
7848
46675
16166
14666
3322
39559
29955
28967
2943
8989
9457
26375
44816
17211
23110
12274
9389
3693
44964
33258
41467
5889
28194
48185
4452
33886
19770
49257
14117
26725
34264
11869
48830
36547
20554
26692
39834
37304
31583
33687
32476
16804
27968
39795
11023
18397
25480
1441
39185
3986
15505
44307
7025
13043
15500
20469
20320
21667
27641
14099
24440
44923
12829
30594
39209
2666
32509
42329
20943
46098
16442
5342
15254
15705
6131
38336
22523
33392
48511
25802
34088
29832
3040
37641
8530
10608
15691
1905
32320
11160
9430
47698
31981
46980
14288
46176
40456
44102
31537
46698
45411
42233
22638
28983
27336
3304
37767
29702
42007
32640
40294
41534
32814
44075
24454
42760
49328
13729
1739
25870
42910
45991
21657
24362
32745
9326
21831
17698
44108
32288
35930
3540
29603
22074
37562
13677
8665
41949
41155
40913
36033
34772
21328
44364
21784
2229
16628
27339
31091
30670
21339
4579
36478
49603
40634
42635
37530
43775
36002
16753
28113
30699
48387
20401
28694
22329
31923
46050
34359
42971
18550
28860
6630
22033
11777
19777
4538
32469
3732
20314
12881
39841
48243
32424
27358
23029
36108
33056
5900
35439
25589
44409
9901
38296
39701
48359
9017
38253
32968
2602
17034
16329
19129
16815
39075
43040
