45151
30412
34441
39953
15012
21559
27980
35553
43756
3787
16634
47511
11815
5260
18503
24897
38047
21152
38002
43371
37507
9097
682
24928
3612
45214
7045
11662
45427
4261
49716
39947
4971
47097
39742
25432
6441
19055
7077
48118
6822
918
45869
14388
5508
242
30170
5954
14007
26853
12428
14062
36187
41361
11104
11016
12633
23805
10011
41762
43946
37919
539
43888
32936
41561
38681
34840
35047
46124
9707
47696
39859
4354
46455
26823
39456
27999
49965
31354
2097
31469
20860
45228
10663
46297
2082
1096
46813
28084
22081
30834
37563
36796
39605
11588
92
42737
5766
29811
3555
16314
767
38075
4096
30591
12799
7432
6935
19635
18942
26877
48165
17052
43067
34115
3308
35178
17612
30806
48148
28623
5803
11133
14972
41920
2847
44368
45006
11364
18169
20471
46200
42436
12916
14360
4134
8999
33775
6332
14676
25584
17472
34071
17426
3528
11383
44677
47928
43900
2599
26799
20757
16947
40354
37863
3397
14855
18175
20616
10808
16328
