33213
17051
10076
8662
37934
13253
25458
37845
8512
13044
48593
38261
45259
23343
19380
7219
19884
21360
44046
5990
49680
40349
18782
28911
33963
19291
19491
18249
42515
37896
37698
37105
46291
27087
5334
46199
39715
14078
38266
36422
20193
37857
20011
31509
49444
40977
49827
9485
18339
18882
46705
40233
12645
28344
35042
30336
25229
32916
18840
19316
10790
49405
15509
14131
39235
21492
38960
37992
38157
16864
16384
8866
18624
24981
21364
2838
25225
37713
13942
46716
40865
27417
47459
48304
34341
9566
39356
1605
36507
13505
8143
42129
43903
18348
47655
48357
13194
41260
904
12950
44722
33797
1978
45861
22048
13397
31561
13166
13381
20218
13626
10813
41768
31753
20567
10928
27888
33559
46918
48232
48904
9986
14178
20628
8452
34064
40665
5873
45039
16635
42036
36244
22227
27560
6641
21372
24331
35691
16778
13968
884
30885
48936
11470
46069
48832
8920
40804
25815
16071
4241
33271
8696
18641
3403
9109
26441
10606
36305
13138
39440
5547
13507
32031
34198
33903
4605
3903
38233
4552
31719
31828
37109
33192
43796
