7485
48445
28211
16007
26406
5798
824
20252
7939
27363
5304
7885
26662
31301
5938
43322
17006
46282
22465
43927
11860
18101
31142
11142
16085
35795
34447
9806
33173
21952
27813
3546
27303
29118
27538
24525
39450
47409
19309
46299
39572
43349
26886
43220
27107
1680
43739
10581
31627
44206
3818
11086
31994
10934
12695
45070
42924
38758
45378
42591
21460
9344
21554
5978
40777
41832
30158
45671
27409
36678
11294
7396
4185
12078
37762
15859
28710
41499
5093
1116
45892
11021
41972
21470
21408
38754
33510
3005
31447
48925
20356
6459
26437
2730
49708
5083
15445
48809
9893
1692
36867
20517
37267
36575
45334
12635
31008
41508
1833
19759
20479
29583
38526
28526
47020
34144
1408
23112
4378
46580
40337
8162
44874
39944
39118
25011
26661
26581
22777
25515
25025
27770
26144
14406
48702
14546
15339
21858
21321
716
42462
47951
27147
38612
19805
33745
4820
43316
20349
32984
25764
10166
15840
47500
36278
28635
8996
18343
8422
47439
33617
21756
36809
31952
7822
15549
26553
48006
34794
11957
3448
4880
23307
23071
40743
19356
15512
13989
31435
40779
47768
37446
28999
45465
6779
18140
14253
25352
938
37345
10116
9272
48952
18370
40669
24637
28785
588
34307
11667
35339
21562
49079
11526
23714
16809
14479
7561
48713
37238
4411
42677
40555
28776
43976
13555
38339
48749
32594
26883
5793
37260
27865
15791
44209
32890
21853
45202
21829
40664
31839
47622
12719
15107
10831
9510
24862
37190
22339
5169
10670
24838
46994
49364
48285
28276
9117
28182
36703
11158
48650
17616
34568
23378
23191
4624
33735
36030
11541
38599
30486
32683
1077
22519
46027
47165
41304
7850
32864
39685
38184
37825
8265
35012
38103
22044
3544
20804
126
44894
17521
8420
5034
44571
17768
5082
12060
11369
29052
31706
27415
6808
14470
39881
35147
17855
8736
27044
33351
32482
45559
43650
13769
21017
13403
675
2976
19083
17410
41428
28011
43115
15641
28649
2835
11247
31380
19873
807
21969
40620
5477
36254
39286
45098
507
5756
10153
7149
17954
49501
45430
16656
16455
10958
4811
38547
16893
46930
4394
13872
8560
1209
16909
39692
11444
35764
45119
9183
14926
34462
27210
3026
37591
41646
18668
40055
50
42855
34446
46578
47508
48043
21948
11409
577
38345
19241
7248
13281
16093
1135
38749
36712
45061
30872
31355
11394
31193
15771
10269
21060
17258
44818
24250
45934
37394
38844
4302
47475
34508
1929
16716
6237
13524
48618
38743
43289
4012
18177
36555
15384
42511
42607
23011
37830
45184
6190
31371
36224
25430
23314
49733
36046
1809
13709
5652
4496
31104
21954
41765
42636
46158
14888
36684
7986
10071
28572
23486
5738
32041
43631
46024
5234
35099
45709
33793
20982
23533
43163
2166
15644
47342
8652
17444
31944
6537
32049
15335
48496
7373
4455
7291
37911
40256
22359
10610
42374
15336
7749
3812
38629
34644
36916
44225
48614
44525
1871
42717
29407
40892
20653
20934
39174
26737
30469
6456
12511
19315
40761
38514
21602
22330
5841
14964
6655
18648
48627
43693
14714
29039
23060
19430
35175
20762
45357
5295
49777
5085
29975
2092
9609
48740
24099
26821
46805
6850
16410
35878
18523
46623
48210
36601
2874
49198
37808
23440
25601
33729
30679
3788
34289
37747
37153
33245
30628
39741
9302
36509
43469
37249
41750
5618
29346
5074
22117
17832
23681
43411
6565
26731
6574
12100
36644
9961
17644
16670
27874
2389
27929
10977
28624
6105
40042
814
6368
38715
42025
6325
