22831
33713
47774
41574
18878
11913
5737
48089
45182
41161
21654
40431
39864
2762
4954
7372
23332
43767
45985
41367
1348
22433
13251
49265
9032
19093
46239
32393
36580
44914
20549
4401
47989
18232
35549
22316
8864
18987
18163
32829
40509
7190
24460
36919
2476
10875
33731
26318
8860
29439
10266
4788
7852
40540
44932
24795
32198
2698
23650
43281
41994
14403
35160
21133
22450
37826
21125
13481
25866
6028
24377
40231
14464
26086
36772
229
5944
11564
13554
11842
38052
39482
20065
12821
41874
5638
20350
12308
36433
40326
37872
8493
39085
27797
8937
1147
8756
17950
7752
13848
42015
28518
37912
17328
48861
43429
39812
12805
39656
11503
36063
16848
44419
603
36491
43781
14176
16607
5581
9914
30770
17530
46683
16781
9857
25466
45318
45958
39838
46703
8991
39348
48526
33986
14650
39233
47495
14324
47965
46334
38168
16459
9663
9419
6532
36982
37952
3208
21900
22462
35183
2944
33968
801
48260
1225
38894
5913
14134
28462
3248
47687
26851
17864
42624
15907
19472
5148
6123
30543
1159
44299
45426
45702
9031
39738
25681
31195
43696
18294
28243
16082
15418
7053
17140
12586
12523
3226
8750
46767
40227
34143
11198
23109
12932
11754
39647
16646
36902
12929
20981
16462
25392
33746
3716
17131
12192
27671
46146
40528
1154
12414
46952
32718
25714
30327
2729
37898
12852
5457
13849
36561
13081
35497
48560
28043
32044
11725
1769
38546
49799
13300
41763
35277
36730
39511
1318
21649
15579
5220
43578
14208
10352
9851
26312
44754
15361
10777
9754
8517
25731
707
29655
21068
44960
45815
44530
6091
35916
39519
30920
37371
16695
20514
3596
35980
14671
45587
