1661
38510
20015
22202
5332
16673
39763
23405
13428
11241
49792
20855
9577
3777
14461
35493
35494
15359
12816
39965
33521
46046
37568
18359
16735
35843
28779
37933
47731
42862
28663
44808
19603
8828
32281
10293
44454
23439
7453
45007
39901
47570
33175
5910
83
30008
7792
32468
48045
32782
31187
28808
49910
34384
10735
27411
36692
1164
43210
44800
20625
6710
592
3947
41747
46518
31020
34182
14885
11622
27531
17731
16686
36622
41239
1579
4208
9865
1022
29524
49567
24689
47767
15891
14081
8953
964
34590
10299
47392
49390
38409
20589
27047
43218
48358
20079
26828
20352
26342
33135
40304
24875
18000
10854
27416
39710
32088
46775
9733
12528
43525
3865
7676
30036
18848
28569
12120
47688
43610
21338
39302
28893
32693
37207
7830
22956
14783
28484
36925
17468
1093
16045
42331
8167
8447
834
10725
32651
41306
46230
33020
48692
34865
32677
31991
2793
48710
34784
11085
12304
9420
8573
36717
38900
19877
25436
48305
34546
1263
1652
36500
17861
48027
17456
41328
38030
8965
29420
32504
24619
17854
40413
8867
35899
47113
990
46730
35195
41537
36473
2779
44856
31179
4914
41310
13414
38286
12077
36889
25782
24436
33221
35104
3326
49996
12482
35229
2722
23876
32802
9064
22471
25262
572
15904
6405
7707
47297
31873
194
42018
40110
49140
43619
47100
30437
30827
34068
25167
15706
542
23230
18446
40269
39476
323
9409
36856
16582
39926
5901
13394
33078
47287
1383
20070
14009
10697
3058
14088
2561
33623
30016
25442
2098
21391
17422
45617
14206
29387
44188
38013
15690
4836
15516
17045
15006
6345
27791
29406
46626
47530
4843
4074
41744
33929
31456
7135
20080
32813
37077
49631
27195
36598
24703
12440
30229
22308
20278
15036
31956
22665
17321
34518
48054
43808
14667
21259
28925
14293
7108
31482
39151
34154
29266
41032
48002
20586
27001
34
36169
9867
4325
21918
21261
15190
17333
18581
48234
44714
11732
40001
49233
18286
47867
36107
48275
45023
2149
4989
28680
35472
8082
33885
43367
19864
6895
10818
37824
1550
49359
34044
39674
17503
17227
8319
7736
10340
38637
9950
12114
6505
47829
9058
29281
12371
42790
300
39057
12494
28012
32753
1182
15444
8123
4842
15713
9804
33455
44305
33325
38277
22481
48501
38357
15137
25026
14878
24025
4827
17216
6291
29293
8434
9612
48361
45036
6042
8807
35420
18309
27491
44191
3463
31039
46632
35965
11846
31093
32158
45033
4935
15788
18365
3829
46638
4891
11511
36653
4054
44866
20732
39618
13399
17175
25666
11602
39716
35265
16480
37372
34509
5705
20990
30948
12188
11060
39760
38436
8877
10435
38094
26028
47529
423
3602
9289
17790
20953
39169
44255
38913
6744
8211
24390
47628
42637
22416
12545
10821
21323
22970
14707
38355
7227
49294
9030
4271
21944
48363
43225
47142
22277
27547
10984
25581
3105
36300
19203
13
26131
47864
9628
28250
43965
42755
1632
13560
32461
506
41450
8846
31546
12450
11378
18246
39704
16832
17693
40699
41064
5456
8476
33222
