38622
12608
13077
13795
28079
14704
46238
20731
43321
30421
33858
39028
21337
1858
46484
2612
21963
5014
44343
32771
40343
34495
22289
18966
6661
47872
14348
42089
29095
45116
30759
30001
44031
35993
29949
14908
1814
20698
24311
7746
27200
35440
9601
19657
14095
23246
9413
24495
15951
12758
20869
11902
33472
34780
42601
12160
31667
24899
41490
1513
502
7763
21485
29287
9039
30793
29687
40255
23732
1778
16153
16715
26644
4981
14395
37311
27959
48058
38092
133
14950
45552
46894
442
27835
13939
28609
18835
1169
34027
10480
19716
23921
27705
21669
15993
42377
15595
17690
49552
22876
36549
16240
44811
1138
14384
14484
36675
7925
16471
33726
652
33947
19634
6241
47744
31159
15789
34726
