37361
21945
15118
20305
33514
32761
22951
19281
32061
18968
44490
44624
33978
43290
16674
22317
29459
11450
18580
47975
42431
4034
32418
35048
47612
9336
16432
23508
29090
3441
17259
30589
35393
3343
35628
2511
4885
41141
24572
45554
10415
5401
40603
20390
24283
24909
25283
11926
2208
16636
33074
25497
13483
48452
5347
9511
35996
44239
30051
38137
11711
46316
5449
10622
23491
42695
12827
3071
27660
3462
32515
43001
46234
10207
44111
6689
46361
36242
8083
19607
23153
44906
47118
8630
19865
30522
44281
17858
39375
27544
10448
13436
17808
30613
43802
31990
4596
3065
16970
39221
23614
21201
42514
43680
6346
16076
3624
35948
43837
9600
1686
4188
14773
42017
35263
882
21573
49782
2749
28965
8376
29094
21476
37124
16494
25234
37448
248
33275
18528
27699
1391
20036
3109
17723
6876
34346
49648
40044
26872
20393
38348
36218
10326
20970
37860
32727
27543
45512
24850
11117
8494
42102
35107
2499
2200
44667
5109
42982
7825
28133
45618
29447
29770
46522
2417
42384
9652
10846
2057
6595
6271
22892
26090
17163
38455
12874
40237
29959
536
9828
18952
19834
11863
41169
29907
2429
47947
22637
15851
44407
30057
29846
30895
23977
3780
37181
32540
22357
31761
1611
19254
5719
1330
43311
43663
21478
45720
8019
24223
13159
563
46970
29743
46007
40065
2218
7344
24171
43096
39819
32985
35789
19597
33622
38798
34652
5797
48112
8872
49568
31679
15461
38457
27285
47186
10127
38166
19806
12680
523
44375
21927
39194
5226
38677
30445
9228
2832
8212
43417
1856
12261
12811
41197
47700
46183
31015
22103
27127
27216
14831
10437
25960
27032
31803
32780
34555
10192
6461
16
35245
33446
16699
47550
29964
18011
21810
17712
34227
42210
41659
49967
47247
31117
14339
35388
35201
32024
35349
42403
37560
8136
28954
11546
44868
43884
22284
29895
5572
36511
38970
23463
12882
33678
10253
43627
18125
49869
31930
48000
2737
35710
16300
12924
15995
17367
29552
26899
16857
41707
20774
33770
36688
45729
30169
39007
6194
34302
47025
19294
19053
12057
13786
23647
28286
16719
3706
9662
24140
22067
25263
39784
32516
40992
49434
32779
22475
40265
15301
27282
42531
41050
20844
18921
29317
31388
33280
37551
43249
14278
3297
5536
48146
17331
31510
47653
21138
46385
42911
2854
44040
37308
15843
43171
32145
45345
38933
15502
48850
29382
44256
37577
37595
42956
8057
30884
46968
42173
39412
20607
46802
12814
19393
39907
12106
23480
3784
2960
8712
28141
30211
3940
37523
17336
46083
4279
4250
40234
3061
34399
18526
36944
17454
19007
46575
40785
1406
8063
12669
47470
47306
17078
8062
25186
19264
43547
35511
10081
45050
16264
13158
7033
3885
354
35831
1977
32935
2150
20684
16793
35917
15935
6326
38600
25559
989
34470
38380
4634
29812
13666
44983
26609
4053
9267
6682
31423
18834
31385
17587
14011
42434
8118
42487
42064
27630
40943
44400
7844
34910
2986
40317
17335
27909
9994
5921
32822
14301
27079
30812
15218
218
3847
20760
40831
2656
29749
41811
18947
28614
12529
36497
48592
18206
10600
43543
47546
19633
43193
4065
43039
26745
7497
6163
35274
30541
47747
46988
43907
44063
10321
3292
16255
9047
40169
37493
27437
39611
30811
9972
36683
12214
25122
40258
37669
25949
