23327
17666
11187
15702
3843
1373
43299
43981
31701
10384
17680
13644
3859
16213
22338
11217
38134
44910
27886
49488
7421
37245
16733
24513
12268
13470
8349
7722
15355
11692
26762
45056
25606
35505
27152
19047
37983
43068
35016
5384
9118
5920
32630
10069
39585
24280
3711
29754
17138
1157
14938
45037
3098
17246
24930
29909
46725
40103
11740
30318
33294
45855
48431
13417
28058
11137
46570
30023
47466
35869
16841
20341
3982
41004
25978
6724
34057
6243
6466
33526
26032
8495
45727
10122
9908
29611
14343
47937
34762
34666
46429
16191
921
6177
49492
4155
45949
16728
12199
40461
47224
29613
36536
46528
28112
9176
39054
11821
47133
16846
18558
13307
579
37513
25319
34925
11941
14072
28997
33102
10800
16914
19178
15129
1934
47728
47938
17252
38342
7231
40158
8076
17818
40709
35455
1980
49902
47367
48179
32849
46771
30014
6613
11079
41696
41758
43593
19488
46668
30345
7507
7911
34129
23144
33119
36286
35723
23147
16583
26949
30966
21103
39855
17017
42343
28521
20700
23032
22435
3905
43705
19553
5223
46514
25939
41991
17065
22111
20182
9647
44704
47725
4050
19912
43223
44429
44296
18047
39805
31707
44899
39737
34179
8533
47380
15736
16179
37406
19190
1107
17704
1637
44451
5346
39035
11522
42554
14997
27596
17329
7330
38195
29829
31724
3084
12661
34549
15802
40195
17141
2314
45599
38783
37427
29927
11720
