12687
26629
36660
22664
39481
43592
47365
33709
48735
11460
26596
43251
14221
24308
41281
11944
13622
1375
45115
10737
25950
1079
13017
30249
7279
46557
33629
35968
40723
40712
32703
28643
32488
13006
48313
41084
13928
34213
39165
32187
23089
7012
38920
14404
28620
49184
11162
32330
39636
26936
48800
1303
42922
48460
14886
3461
49843
27657
1137
36088
24505
39662
17502
38213
28563
69
17991
5206
38297
32413
5104
22201
42519
19811
35297
39178
19601
42152
48541
31190
38502
30680
30264
24371
18184
11011
34413
7166
482
27612
42228
16732
20436
1890
23075
42088
24662
1805
48584
18137
353
33400
5616
34485
40013
40774
35124
30209
4805
22596
27943
16998
49051
23324
37963
46752
15876
8658
15075
11971
7174
17702
22226
24016
648
39392
5298
17830
25334
35210
22197
30431
24846
3501
6943
21086
4298
25067
41072
45470
38479
46926
85
32365
43388
25563
19012
5059
45831
39658
44154
41488
40999
30304
21465
27277
25136
28921
38619
11413
40980
45918
33463
21812
39369
27592
8794
20851
8720
38877
24304
4781
24287
31235
39060
306
16500
6423
6470
9088
36887
14515
41773
20924
29328
5854
7585
23656
41935
8528
8137
21579
10476
43711
44542
18492
8621
4635
29012
17421
13703
15647
43726
5435
41666
36947
47842
44509
40310
29610
20400
49028
28157
20775
6952
7636
12437
46094
22645
27718
8940
23660
40626
48797
12290
30576
24949
43980
42594
7470
10016
23802
20991
13450
35957
14595
26516
11785
13101
24920
41432
46469
19504
35942
26784
49154
32084
14488
8550
8201
32497
36440
35785
23731
39329
29688
15035
44535
41463
28548
2857
32918
19120
38507
24783
6818
33524
41943
46699
25840
8385
31078
26159
29427
4858
4644
4587
46923
27123
47959
46512
31428
29336
