23999
22921
36634
34415
40235
3135
13628
7614
35541
47157
38608
33650
5653
36694
21457
13753
3610
30980
14708
7770
23694
30123
7670
39799
178
19046
46755
16350
38879
29255
4426
13725
24573
46364
2947
18053
44584
9474
7359
43154
42352
32308
42562
18519
2466
13213
36338
19656
4883
7404
35205
9947
30311
9682
28144
33972
9148
15862
22418
44518
23028
11232
49875
13052
31726
32062
14801
6281
737
47608
25889
2783
256
2088
16925
4395
25302
827
6680
45609
10225
22349
12085
24080
29305
40409
45517
45240
30905
48909
37796
48580
44986
24528
35325
21613
1434
17568
46245
30493
11490
2833
10438
15809
43644
12317
47167
27402
27000
29299
7853
38392
43783
49587
17180
32624
567
14836
49826
26901
34344
19675
43053
7009
29131
35495
2580
41089
48567
27804
44314
43862
36119
26603
17148
35618
22852
19825
38438
40213
4530
15312
48334
8964
14921
