46286
47573
21828
844
23900
10439
47561
13999
24845
5015
39868
19585
41728
36055
48149
26624
41305
21263
27377
49702
48870
21847
38614
44577
25989
25577
44329
27088
49316
13059
15032
11958
9641
24832
3414
13295
26945
11339
37065
6313
31391
12360
46404
13337
7343
2528
15430
35862
9587
11904
7710
40033
39590
20386
14450
36481
16681
15667
10188
45429
12087
2444
36318
34416
23275
27476
39842
15396
38497
25620
10173
43465
29834
33347
7034
34050
2898
13595
35638
22091
11498
45130
20831
25718
460
21674
40796
14715
31910
47271
8355
2385
49388
42613
45041
39927
438
31495
36906
17822
40544
23933
48767
48605
2538
720
44228
42119
16441
34917
38598
15917
38217
14854
8038
7018
18275
3169
8899
17586
22671
32701
44878
18642
24578
30072
40642
44243
21369
10599
32788
4064
48086
33674
8400
22369
28499
47556
16394
29723
35261
46172
19332
14766
26427
27863
43673
12755
42630
34759
30100
30700
39702
31139
25054
41112
23870
47424
31228
35479
19707
47918
49571
48982
33792
9892
42781
23403
3606
12327
28239
26555
24900
21264
28373
49566
4554
441
45237
33988
34770
19485
41219
2116
24464
25439
37295
25028
3060
48301
22978
42711
31758
22813
2889
44664
12889
43447
38831
30332
48477
27808
26373
35906
24060
47117
44911
27703
710
13638
18092
40184
44628
22149
22276
20175
47932
22599
3597
6328
910
43733
16267
154
31092
25391
22084
8149
32922
49058
49754
35713
2643
48322
3863
32986
34734
27609
19411
413
9085
2982
18918
17463
45796
45487
27019
33181
19572
26917
8945
19911
31085
26270
30824
44545
19450
33895
29449
43486
41479
909
25726
23165
9156
14149
2672
45490
3309
18965
7047
28241
10370
49635
12352
12144
19433
17353
46247
17374
16026
48804
42400
44432
6449
16556
8124
17220
26487
38429
30832
3267
32750
1440
14663
24173
41566
41977
40765
37877
27501
18069
16270
25368
48095
46787
8589
20223
9831
13439
6198
48211
2276
2350
24047
27755
30642
48889
14140
40643
13356
49576
30187
47886
18511
22741
29111
17911
4654
36899
30029
24927
38174
40991
2859
5907
25743
36364
46001
38759
43652
38968
19980
2745
35826
10860
25165
46874
14835
106
47911
24219
5297
31128
8831
35315
37122
34360
42014
44516
13639
19014
2536
9334
12381
3146
30547
46130
38607
24839
481
11524
31345
13768
47072
27887
10587
24157
24229
45701
38991
5609
25944
17549
627
7968
29809
32148
37025
40333
38295
45943
6258
1766
12503
10202
45711
17036
24989
27965
7846
18565
35470
40448
47350
401
33652
31502
19481
11823
2403
49963
11054
6933
25879
41820
32639
29962
13541
35516
20496
33377
18845
29088
14347
14514
22178
2587
5608
31881
5
38512
6175
13892
42470
2642
19737
7967
37838
49683
42421
3190
26935
46435
5366
16368
15639
15442
15131
7814
46933
19935
24411
40421
3664
27879
15221
44164
44433
36154
9624
28220
13826
22141
23005
4804
37814
23027
33936
27114
18254
20974
33643
7689
36762
10757
29943
23717
15058
49131
32112
28754
3616
5404
41134
29615
38948
26987
41916
