14326
29941
12461
46128
4606
31343
17592
26176
21979
34855
40636
2022
4068
49220
21782
49848
28131
25909
41150
1362
13012
6844
33323
19826
15034
37874
28292
7696
22453
32850
13197
31513
12460
14473
25451
16926
25162
32512
37189
21137
32033
17613
17566
9570
14703
17494
3810
25864
12762
25457
34452
26545
40984
8308
14892
31733
22520
28255
42751
39932
18634
37319
32879
42475
29910
13111
24523
38592
8774
44334
28502
2364
45221
24902
31086
21574
33992
36883
10179
19905
39824
41368
45538
32538
38671
12321
47921
46219
41440
11452
49645
7699
5826
14925
16040
19794
21974
28918
20681
39308
32732
14547
4198
7626
1490
14139
25981
3371
29463
44127
2202
41455
49678
26146
7729
4278
105
44879
41088
48488
24645
46339
25562
18903
3212
9602
11033
14922
1034
26797
5748
11567
22240
18693
22600
32700
30083
46340
38335
44336
42419
679
48906
40608
21571
6064
35080
4620
25957
8003
26267
21840
26277
43596
46070
37538
32030
5118
30965
10944
19962
38836
34682
48781
20540
6374
1045
13803
11916
953
28611
43766
38001
15183
8781
33464
10590
18577
16420
27425
4839
1849
2359
49482
7005
21998
2421
4741
48427
42190
25311
41259
23842
2526
19274
3912
45029
34700
15391
6924
4600
19337
33329
3837
33795
49859
28371
2725
4848
20522
45086
22547
32332
21511
13657
16354
39833
34052
8489
17155
33230
13976
18090
6138
8343
8196
15025
49705
8743
14542
48049
7428
42362
21101
20275
9314
48785
41746
13000
22772
19552
35129
25661
4829
8453
11960
6563
43614
7496
35299
17395
45785
11405
6681
36208
47868
30900
10720
31405
44439
3557
30199
28826
47138
15296
21709
14657
45986
45574
11625
23055
5571
13964
6518
9150
41010
10695
431
12559
21007
41539
29404
38712
1149
34999
8731
22131
7604
48937
47598
34697
19406
331
146
21695
39435
27873
16069
13482
8097
26276
24341
27893
43683
30282
2464
29214
23053
40389
49050
47659
35482
23885
1940
18266
38300
23905
34756
16349
42366
48858
41495
39315
35923
14862
41877
32973
21161
17266
45708
27640
27623
45065
27521
25674
20238
27684
21607
10259
42904
14496
14449
36891
45977
36132
1213
48601
17817
38206
30849
