36490
29706
44331
39496
44965
30878
9380
28950
24107
14971
5389
18127
4126
147
7907
40139
45152
34587
10687
25280
33411
17951
27183
2635
15222
43422
42766
41398
6928
8490
32081
22055
6095
8235
34998
7644
49022
44248
18052
25514
9498
42545
43599
2043
27186
3852
39877
2165
28247
42849
43181
16978
48535
5243
34859
14840
45409
41722
13354
41435
48946
30974
44346
33635
5675
22945
39067
43087
7483
10335
30555
21519
17526
36838
46659
45067
4217
21122
21631
38240
12465
39673
10887
14001
29769
10915
32889
15672
46783
38843
27077
13215
3298
37723
21506
18795
28029
13865
10672
1257
9405
22365
43549
28105
15310
6148
13864
16554
25410
9614
4283
26324
41014
20083
11259
40418
