12865
12208
20437
34113
19494
25804
40180
11040
8714
1742
41658
42480
39634
46750
2395
39145
49736
26523
14244
551
35522
16784
26121
9935
19804
3559
36504
608
43390
14154
49297
10304
35234
22385
16774
1210
39368
17104
25443
28670
31238
39591
49570
29759
10201
19177
5222
38767
42690
30253
16851
8356
32896
49382
4275
330
31143
34028
49403
38544
46272
20819
3276
17237
41842
8350
34292
12534
23354
36934
7564
34807
35202
24732
19268
44740
17676
5196
12198
19816
2690
43373
11783
12164
4815
47724
28875
17054
41909
18702
49834
7186
39923
41533
11513
34253
41780
28469
21532
45545
12036
16630
1789
33331
7876
15084
38786
14883
10063
30189
27858
44656
25996
26459
16470
27296
17184
34097
29813
2567
25192
15765
21605
32214
33264
29092
36931
32844
6280
49719
12990
49353
38130
36896
31612
40789
30195
41724
33091
29205
38235
11122
5647
49885
43850
10030
25178
10698
2017
15671
23624
17093
46205
13460
5227
15868
47060
8249
44118
33228
48293
3581
8946
26714
19174
22374
14096
26478
47795
5040
20967
24254
26224
48068
10835
46149
7130
