39735
21438
18781
7299
845
15611
48853
40570
43727
36553
4602
28022
24908
31521
43009
3080
4415
46180
14606
237
9390
3655
10372
20195
33249
10789
44261
40585
25875
30568
27163
40818
46561
25853
9852
34184
3223
18134
28685
1017
43031
31911
1949
25129
31444
3751
18223
43971
27329
9638
15624
20477
37461
13182
22983
6035
24159
23097
48041
21503
12373
25781
40902
41086
45132
45094
5126
45244
6516
45463
47321
3256
47345
24343
34110
15490
14976
29216
48401
44992
48155
39465
20658
26178
26106
5004
11341
14856
16692
17417
38488
27939
41319
11125
36152
33302
25188
49807
28082
23611
19760
42985
8778
24069
412
45176
49451
9811
4391
32339
28229
16950
28358
7797
39265
13360
5985
25573
29146
26967
21594
33648
17299
11295
7921
26794
26066
5352
10286
29877
2896
2667
47001
36188
8428
9029
35554
10496
20839
31931
15374
20102
26702
2432
15004
24984
33748
19510
20493
20039
41631
4906
17517
18036
21939
38005
49672
29379
6072
28009
44701
39638
19952
45652
39112
41211
38214
11832
10194
42139
41855
4816
25221
41682
14342
22076
33579
35510
37968
36361
9827
15159
5767
12802
34619
35955
46353
22825
27280
16266
46539
40985
22905
49588
6653
13841
6733
41617
25682
10743
36431
19060
16467
28464
49879
13567
23598
32794
45691
1880
32458
20178
44803
23188
42621
796
26922
36897
2495
25437
15721
33474
8485
11010
42837
21592
27839
7660
38153
23201
32480
11769
19986
18027
37921
18906
34693
26420
1947
2382
19388
41420
15299
40104
48410
32812
24991
4580
5191
22997
32004
25638
7121
47791
4352
12737
49300
25093
15197
14548
15395
12868
31694
22673
785
22928
4499
30656
28817
49474
20342
22990
34661
24977
26429
34332
45473
39421
40154
49893
43667
45136
28341
33242
43885
14768
17886
5371
18216
17107
12921
24313
26652
11202
11088
46618
21781
14079
15471
339
42478
30959
5630
48514
8890
24697
11013
34716
37400
43434
42043
12248
15271
7089
37161
27944
3888
3685
11508
14559
41907
17418
12039
35661
39906
2003
6601
18191
39238
45756
8941
9476
6921
31599
14685
45823
21047
17360
16280
11871
36965
4966
7511
32011
25413
6556
15839
18636
726
22112
17179
46222
27110
594
2822
26439
1804
28873
22130
7579
14945
20572
14861
8879
35801
9387
48599
31262
21830
3710
7031
37219
41125
20830
44399
3154
8716
43032
31973
27775
41931
30662
29347
15076
16726
9339
22858
15629
43795
40264
26104
17570
40191
20355
11410
16539
30621
48920
12771
13346
43531
7901
12118
41950
20969
40838
21096
26592
33085
30316
34223
12046
16929
37047
37502
36515
33293
22368
38420
47201
33584
21650
20006
15786
19347
22090
38203
24481
33548
10798
22993
25199
19745
49142
14382
28928
38931
22432
11274
17949
16969
34406
4588
20769
29093
34808
32180
11147
10229
35449
7390
35478
39282
41132
4260
45564
26123
35748
25557
40112
39182
16175
41395
21934
38973
24354
26058
11176
33600
39687
27492
17185
7879
37247
13924
45744
29109
9373
9452
6108
32608
32739
41117
7915
16397
4618
29223
28042
30151
6231
39334
23955
5024
623
21622
47336
37978
33420
32751
26117
31530
7156
8510
13687
7820
20705
35759
33871
7723
31619
48873
20810
23634
21208
22539
46791
3951
46875
49591
29802
8484
47304
48752
5521
26290
2539
26686
42110
26981
38350
8889
48524
38397
12730
2670
13965
29797
33157
30434
2292
19463
22439
37532
9859
28671
24855
40525
46646
42161
9190
43814
195
36551
20384
22723
4193
46355
26871
20714
19115
46793
17085
30917
48979
17460
5179
5240
40726
8455
21634
30346
46327
14166
40638
24597
2089
37987
513
46801
13353
20657
52
32269
24889
29953
18014
6013
20711
8141
39048
30028
4942
23172
29352
16883
46318
21008
14305
10316
29517
39115
38568
47503
23162
20910
38961
42096
6759
13637
16372
2038
35929
12306
18883
34299
5033
5249
33553
14443
3272
44936
2727
30177
22786
13760
46187
43023
47315
33198
5373
15608
27872
41519
24829
32672
14939
40887
31912
9661
38265
9170
8020
3768
4132
5335
39417
31016
18735
17670
2973
26183
34506
3761
21704
41850
3754
44221
24138
46628
38163
32957
19432
1791
26301
20261
13977
19858
47109
43242
17753
25320
19421
13388
43528
10776
44380
36529
46157
12234
13861
9203
42080
39691
48976
23412
12209
30041
46406
10443
44469
6828
25425
14779
4440
15406
4216
46532
36697
39367
36230
24601
5421
36372
47985
15340
49041
15822
31485
12238
24356
6221
45454
14799
16886
12626
22426
14312
35960
21437
29582
36001
26014
29149
45814
43786
20534
33908
18329
10479
8338
42970
11231
3537
1635
31443
6872
20264
39930
36096
46114
27167
17111
41505
1120
28392
21735
47083
47755
28531
31230
10730
2107
38375
38911
250
30856
30691
20303
21242
9595
41407
29690
47894
3535
45843
43008
144
44675
3340
19883
49473
28158
31496
20528
22501
34650
17921
35649
12678
8728
10251
14996
16152
25691
45808
42689
26149
8576
14298
10106
42600
48213
37441
27004
21544
24033
41248
29145
22626
36223
34960
33043
44436
21567
11739
30817
38845
20317
22556
26393
14082
27428
8427
47031
11342
27421
42921
35168
17186
6922
45996
29930
7451
32273
31417
26659
20793
18777
44220
26792
48540
16362
37783
6054
16101
35825
28789
41715
21664
35109
19460
6439
4495
10309
7444
48857
34174
42215
19977
40376
2845
9055
43493
38888
33923
41639
40128
4900
8183
3580
32467
43990
41181
47746
15514
6793
8023
25084
22716
16154
29213
34966
10879
7547
1734
44609
14889
28738
33016
39432
35509
24252
24929
41594
46468
35377
3675
38381
34322
38019
36918
42963
35002
