7327
15741
39455
20912
8352
26777
35502
14247
45141
13757
7052
32911
26354
36735
20539
45923
2271
45908
44187
10850
48675
20454
23735
42500
35739
40253
988
10245
27905
8752
26428
33067
41273
45940
40782
31628
24
25417
8744
37051
39460
16238
22377
41123
16855
23203
25624
49674
6151
2015
4895
33149
14043
2929
46706
25695
38185
42526
36744
232
40298
13092
31305
16801
10117
21769
22963
47282
28874
29038
45418
17769
42353
31966
37782
25023
6464
31427
43996
30230
8612
11338
13315
32013
9016
19367
12709
5523
40366
24635
36928
13682
28228
616
15066
39331
34864
49400
37946
20638
35146
31859
18864
28283
45028
16114
37588
39766
16665
43420
952
45946
42557
5392
34514
27007
27751
22121
2758
28783
8901
35913
30681
12747
35394
14109
31829
39285
30265
40498
13631
25829
39131
18866
49306
31387
32396
26983
600
38708
47228
7004
1800
10859
45581
14020
33053
11480
10037
46414
30825
34694
16876
9752
39505
21069
29236
191
6699
26608
24562
8176
3848
26206
18613
27702
24736
30088
23673
28786
37430
30471
33140
23171
20010
37751
32855
44055
38307
8268
48932
35834
33
12122
48867
19628
1532
17826
1177
35605
18530
43070
1792
19171
18381
33272
1004
14884
33216
5110
33830
23293
47340
26295
44537
29805
30418
44024
23475
33305
7645
6570
39935
1831
18970
12299
2360
45068
13104
36910
27093
5461
25056
2183
24841
27539
8067
27030
24769
35060
27881
42298
36976
7393
18425
24181
26412
23280
14820
38617
27945
43958
23334
1649
8285
44033
34222
16176
10244
25046
17008
40109
47170
12853
15817
39910
40039
11447
9850
26958
48408
9090
34675
6089
15664
1848
27767
46207
23481
35134
35779
43921
41789
19159
43207
27748
22307
453
33273
42596
33675
1699
11105
12991
36801
30134
40651
9582
28723
29708
23724
48180
20724
18450
13284
2122
20963
37134
26254
47926
19690
3249
16051
41794
19225
25692
37026
30339
29817
26357
15365
18736
9177
20686
19900
27535
15306
6202
32056
49315
23042
30744
26939
39770
36423
45090
34698
43063
48980
47106
8164
8179
4127
21923
28712
6157
30597
9904
17588
2372
26685
10110
23269
25260
48851
8670
24302
