20726
36180
40633
45256
8363
24005
33171
22955
25697
46432
44717
12170
47144
33338
16136
38317
10972
31549
19669
44500
28974
26187
14156
21526
4976
10209
32327
24796
39452
21625
21280
46248
46848
6540
3288
44680
20535
48468
8458
6317
41938
47930
13581
8680
9683
10914
30354
48398
42643
43855
138
23242
7067
2608
37876
27842
46814
19443
10164
20588
25053
12015
44751
43634
3201
47028
30120
29006
32845
10060
7386
36125
19188
4692
38090
42997
8506
24883
11787
45486
34986
4574
45870
40856
42253
43366
32401
5049
12444
44988
17271
35809
40921
1108
18690
46599
26590
22894
33640
47369
49341
39100
27009
116
22441
19848
2371
12099
35441
36810
13586
12894
31814
33122
2660
43315
28080
27435
49333
27919
33196
49650
32615
40495
49596
2289
7906
23457
