12577
25059
37460
2128
3483
26721
27211
8757
34375
27299
7706
44371
12084
5265
40875
18262
2803
33072
25149
5570
19666
44025
47121
27766
5445
48215
2140
48967
40336
7691
24443
47771
48101
1050
11924
20136
23297
17740
16116
39880
14426
47841
26995
39589
21588
25906
4268
45172
41808
31656
27957
31191
8597
22146
48739
5311
33653
2523
11878
32508
5771
5863
45313
43520
21435
1533
31826
21267
27878
2042
695
42931
46751
37740
14803
30368
19238
34395
20304
1786
26278
4111
13108
20723
12980
35626
727
31822
47012
11734
37484
24891
41788
32189
7702
15065
10111
20373
3028
44291
1587
8919
23453
43317
21767
38772
46572
23430
36792
11433
35629
23663
4078
4850
436
48596
43944
38024
12001
9253
26913
6767
33457
4604
34997
42158
49238
20611
8915
30267
19718
43298
27432
34563
27922
318
40559
39533
6293
45726
27460
1290
48986
26974
46321
25215
35587
47969
16431
15499
13327
22646
39790
4878
34361
39214
174
37881
21034
1536
6226
6217
25285
14943
5819
41607
14390
15392
9001
22698
32834
10792
7253
24873
43261
38045
33802
38207
30068
6884
44666
47318
17174
43560
42539
48298
17748
24793
24511
45139
2998
5198
46306
24692
15836
4080
38875
23111
7213
1767
6635
37230
43514
30479
10989
42033
13759
41096
27938
31408
34548
4969
5479
35093
11072
39227
11359
5827
21509
18495
11579
44613
1756
44580
42367
39916
48891
12147
34314
4853
8317
22231
25407
18358
44240
22583
21380
10323
37097
43571
19621
29621
37833
1236
3702
9781
28008
26419
34630
6842
17797
863
6985
13706
7266
29973
37787
30502
41655
7640
45386
24969
27503
23894
31290
6049
42186
3203
2011
17544
41065
16019
35140
12472
16391
31477
25533
6882
39216
38078
22378
17257
21200
27901
45055
28745
2248
19473
44084
20084
25306
40450
14240
17582
22191
1504
11317
38718
48070
16070
46156
12925
2739
19544
23971
43665
4347
6375
24089
5872
36656
28574
43519
48018
47882
13075
2026
6746
26265
6729
43086
36861
21178
14466
3876
23240
35222
37135
18299
49149
26976
33361
640
5806
7865
6620
584
30457
10363
10114
34498
36765
23930
26433
6526
12386
1708
31213
47828
5903
32289
19787
25277
17293
29724
37259
5654
29279
1938
37434
32898
32568
37468
13061
35105
46920
38228
9166
17490
5424
44337
14784
17761
43398
20431
8108
20059
5172
17113
21832
19839
1368
10314
382
43522
45741
4582
42114
47364
47214
45879
