40688
46445
33161
47940
12207
34022
40036
18070
37215
23270
31012
40090
24888
44685
27525
23164
37531
46480
19972
11184
3432
47062
1818
12092
11022
47702
28834
10885
49779
19736
4086
7914
33439
17934
31564
18868
12729
5288
15863
22118
47956
35683
12496
26274
28613
38621
4513
46927
15716
41992
7720
30688
47590
49122
19176
43841
43675
39628
37133
24097
37573
43798
32625
21241
4016
21355
46740
24473
32377
5324
30840
36665
28452
29408
7103
44199
49153
14963
16871
44379
15437
2942
37231
42422
2472
29882
49699
18629
28062
36905
13978
46656
42203
48183
36341
31642
17110
43986
29579
11873
48724
43594
33335
35243
17920
30956
40247
47008
46326
16346
46430
46148
16141
43092
42733
42132
37951
37795
47493
5606
4187
20689
17031
31717
21169
19535
22173
14582
4754
40232
48019
10504
8044
33454
13430
31977
34527
46303
15144
31688
22886
9151
32645
32925
31894
46713
24867
18219
40971
3756
46603
1651
38104
38493
38978
39156
33586
21105
22826
45610
45458
12259
36280
20002
25608
1332
459
42797
36554
11126
40607
9445
13190
20958
36306
25360
24442
32585
33412
7612
1852
41081
14929
8515
45335
18314
31566
49824
33939
28324
26848
34742
8835
34256
35209
35484
44491
8768
5197
43754
32185
30657
26857
29637
39956
7398
41224
13130
3283
44688
14098
2605
874
28136
47727
37664
14153
10298
9780
12766
28790
28942
2066
23973
7073
29855
3136
40245
8582
8639
19751
1170
48999
36396
39289
14721
26501
40854
23208
36513
19969
34124
6019
16956
11628
36455
27003
19824
40557
5821
48159
35650
3303
26022
6852
42058
7757
32742
28803
31245
9855
8608
44387
4329
1163
23469
33665
15169
40372
17162
3350
46571
32095
29275
6606
4940
17025
20277
19774
31432
3002
4133
24593
320
41585
32746
15224
11572
663
24755
29434
24095
34905
39497
34554
11261
24416
4917
34219
38148
16816
3408
21786
10721
6831
18522
46067
12066
35720
30232
29658
19018
39818
37224
13514
14781
22046
5810
21413
5488
8388
14530
13332
24630
16508
32552
27308
20161
42056
18303
22200
35009
26341
23853
42309
25268
13026
42271
35110
12789
26344
38773
26242
11174
27262
33755
49073
26202
17376
3228
11565
11115
47032
45749
29334
24385
17340
