22884
7709
11853
35591
29238
28578
41817
28543
11824
12565
10095
14482
43908
48908
5462
19489
28581
1150
44678
7864
27241
14283
36798
46587
32653
17413
41448
43959
18280
31219
40584
34608
40170
21755
31544
22204
22136
33197
19993
4559
5552
46864
44069
17572
4881
40260
41163
5075
8065
48564
22436
40501
29747
43857
24837
24655
15320
31897
6409
8521
28943
43049
20291
23322
41362
48315
6224
4870
34642
33638
38602
38152
19091
9323
35761
12681
47777
11530
40095
10848
10708
9979
40314
8615
11872
17482
13153
19836
8808
38398
29591
40858
48863
10190
18770
26192
41039
41005
18061
19587
20088
1183
28374
37439
43671
40485
32103
11262
27371
10788
18099
7928
20345
31112
40464
48384
42430
25684
23504
19209
22528
4265
47904
47999
29313
