38536
40176
15037
1464
25522
32047
9481
7783
3420
21471
22844
12547
2515
32945
13373
22256
23310
3554
38726
25159
9902
29277
43472
8289
23974
40930
34291
29905
9872
25258
9051
10646
3938
1511
4313
14243
42028
11407
28883
27781
41393
26571
46373
2600
41121
21698
12788
48253
48226
20642
22422
4648
46422
37648
41210
4584
7781
39140
41052
46509
16568
43603
30480
2785
24656
38485
10585
817
41460
84
19071
16750
18237
48821
11624
4239
8099
41614
29227
35622
43570
8853
37517
18218
10222
42742
19122
26081
26925
27091
20502
7104
29537
46832
17160
24499
15040
23200
11675
9142
46977
36476
41912
33546
41963
38591
21914
28362
37168
34170
35730
45603
41591
4418
33999
33590
29689
26909
17885
40396
42079
40455
45672
1826
33714
45492
47463
17438
24419
16216
28076
4292
32077
48680
5052
8012
405
10971
15930
8661
20550
14310
31073
48257
48837
14204
43777
38676
970
34254
12902
7056
32117
6875
44413
42775
42891
37391
28429
1743
18261
48798
31969
33516
27173
45590
7609
22259
31947
48978
10787
47813
39469
39097
13123
39714
19713
35757
45307
