8800
45571
20028
25915
31697
334
31370
38737
37401
1523
299
39801
38628
25374
10732
48876
46936
30756
2884
16965
35947
31133
7032
22597
5977
24551
14421
41060
9451
8152
16602
16884
12988
2443
41374
25509
49627
41752
45092
8616
12900
45180
33574
11426
36909
45733
11446
7459
18499
17447
24831
35408
16404
35397
12893
968
9842
23515
34659
24294
21875
46104
11374
39853
7411
6257
49793
5045
26332
11800
46922
2910
42383
16360
5979
585
916
21139
3036
18896
17250
5895
16573
4629
20494
31389
11243
11301
14274
3416
11199
39663
35295
19412
5972
25807
21023
5924
26902
7920
36336
22382
27711
48983
39635
6829
12694
2683
15003
26744
13137
3814
49379
1175
23479
24587
37785
23435
45782
8659
18372
31029
28412
1211
33961
15128
44968
32787
34565
13370
40172
29756
24488
10399
10107
3467
27263
33646
10390
45117
5095
43293
41704
27192
48629
32227
35023
38946
9006
29888
35519
24802
31676
22672
30807
46660
6171
44356
35782
34929
809
12121
16738
5313
32999
36005
39986
25965
41471
21873
21194
41418
7519
16377
6392
29593
28587
44499
48484
39236
41286
24185
30951
38382
39729
36146
49021
16453
41852
20422
8358
8240
30881
45108
30131
36691
6645
799
20229
37399
26801
17828
46596
38011
29307
22628
41208
35678
45665
14538
2087
10101
1793
6192
18990
13940
1707
17
49971
29881
31284
16569
39884
20
43607
19520
37248
36715
3638
46192
49810
3841
3763
21603
13014
22636
40621
47270
5962
34838
12587
32665
15826
47227
49007
4183
17780
40661
12336
33187
35698
41204
31869
35254
43093
29968
30935
49833
11292
16274
41775
47277
35688
42756
26046
62
31084
41209
39278
29768
43161
20978
7826
46614
17600
26069
47499
1080
49114
462
45467
21738
773
18489
7216
7069
19101
25446
33461
32252
39896
24457
34847
7262
32415
30664
24615
18614
22186
9819
8626
22335
27558
29208
1574
48013
31490
5330
13815
43583
7314
31491
20604
36690
13895
38874
11381
8052
17805
16833
11012
352
9360
49540
18035
9996
26566
11245
22408
17170
5137
23941
9875
18928
5278
37450
24285
38872
31695
24449
39758
44045
42303
1158
49929
34357
21239
26426
38601
35369
46066
9633
25423
44706
31883
47360
37480
45763
5262
31052
19892
25252
36709
20687
28329
18936
19483
29531
41889
17755
43773
49039
29740
13822
27041
10456
29344
33430
19455
31723
28417
17760
14811
