49721
14442
49691
26391
20702
37918
837
48280
28750
22581
26440
7436
23968
1519
24383
4845
41330
24036
35224
3744
19094
9769
3548
31606
28748
41483
34886
44463
10632
7918
8917
49193
42290
25421
46719
19994
31854
31867
22148
27903
42839
34606
44505
27259
15166
718
9561
25353
22070
13087
9796
39523
16631
12718
38010
23223
49076
7128
42633
25810
11442
41551
49128
7768
5627
14506
28423
10221
29181
43145
33575
32290
7284
34553
25847
30271
24052
20404
42482
10778
9394
23859
49849
39202
47145
49269
20747
18108
45417
46639
10891
29646
47252
9822
12537
17987
13027
23992
17024
45867
3023
13962
7273
