28004
35753
6726
17682
20894
3526
18541
6800
10970
49569
5813
3338
39897
39775
30969
6915
31087
20353
8632
45226
46162
3961
29003
27401
14331
49044
4420
1549
30381
35373
14992
20480
22603
48839
47076
13566
19766
25203
37793
9270
6804
36311
3112
35117
1788
18151
45312
16259
28095
43821
44477
7102
15080
27563
4930
26812
29191
23214
45355
35262
9469
39441
47486
24439
22398
19062
3307
45186
28718
16952
14137
29597
2949
49704
10635
25376
28443
38051
7268
42560
18399
13927
17554
20873
17989
27631
36850
29025
28540
31418
7769
13643
35902
43815
43659
29714
3573
37090
40747
41023
28457
28501
14509
11335
28519
26110
33093
45952
5955
1951
13893
35013
42231
45827
37815
49211
24764
24010
29132
24267
4521
1659
19976
39552
32210
29635
34186
44481
18803
6979
43728
8914
19192
30353
39330
40378
29171
37183
23129
9372
23146
41162
36562
19328
40267
1812
13720
16393
20575
30239
2650
39612
34409
37376
21091
3059
12017
17077
8837
14430
40545
46574
36607
20639
20165
24151
23489
19183
24529
47693
21269
15695
16687
12151
5515
36413
21014
42824
28151
3988
39931
34625
11009
42440
28985
37390
35045
8244
31770
18494
19258
18118
18950
33113
30236
1841
23373
41782
43126
1122
30045
23669
45819
9560
29007
26257
13181
10020
42929
16962
24408
10983
16044
30854
38242
40111
31980
10657
21921
18181
13587
21993
36168
25868
28393
19085
45984
26616
45561
11149
3433
15206
15781
21718
11146
21824
44642
40094
33708
36293
34597
2879
24256
21992
14042
1730
28
32932
14981
27685
38193
2902
7147
34924
42898
35686
16958
19201
44359
8829
15193
33799
3920
43103
15666
6578
1417
26173
30137
26929
10648
39566
16262
23051
27647
47264
19829
34768
4366
39061
39874
15303
27069
10594
33137
6445
2858
12591
20591
41069
40417
44812
17214
34971
2288
2583
24646
16711
24577
17917
8089
20936
49530
32231
37127
41148
2784
41055
23136
15314
5125
8702
33479
28733
17816
18277
40881
42714
25130
18166
19261
15264
61
4375
17302
46249
36876
32510
4482
21752
15435
740
29024
44817
14485
7358
7978
4458
39642
21556
41000
17591
48972
