5214
16419
8723
37955
23007
34230
44137
2963
33742
19013
24684
43270
38956
16546
42348
24150
20675
5969
40368
23257
1838
40935
10025
13565
166
33475
30776
34595
3476
2287
35313
5029
14877
36345
9152
29534
41073
30093
27146
7088
37302
41079
29862
39918
3424
35068
29911
15763
34512
16403
46037
7194
10589
25828
35550
34103
49450
27687
7417
23226
47300
7210
48988
37687
17288
29710
10276
40451
32868
11963
11974
21845
6023
14557
13032
35136
14931
49513
37469
47209
42506
37301
20472
22298
27187
47427
41699
10268
43709
14610
16279
49386
47555
40091
1562
681
45939
29239
14012
37050
13941
11663
35212
13558
15959
46444
18128
30636
39565
25565
21396
49286
39398
1512
4348
25694
2533
36779
29461
2046
9915
5277
48723
45343
5291
34449
29380
11458
836
31429
40173
33267
45982
30183
38545
43720
7740
1606
23865
40400
25382
6839
16370
46746
41685
37685
17042
1539
