18893
14407
13726
27370
4028
4166
49417
9634
35575
45625
21480
23931
4297
4
19345
15056
9286
32059
18031
16559
49329
23388
21915
3446
1015
22461
27065
38834
35067
15592
48023
20208
8710
8058
22189
45344
43410
8048
37435
47219
6453
17874
28787
45243
13011
33227
10683
16222
48033
24315
10890
19105
17264
44002
21475
22976
21164
37232
38745
26620
22442
34525
42437
26634
41087
28782
32355
40312
11153
36824
49829
29120
32717
34963
5710
26514
24749
16625
5476
39014
31118
35802
38403
44820
7803
48992
6152
15808
40076
12554
36232
20795
34051
36872
32669
41942
12178
27381
6318
12067
16874
45777
35021
36167
10649
34580
48646
40736
20074
45481
14431
41593
43931
10183
11780
7881
42407
35358
33743
35331
47831
26854
39889
35854
77
26236
17368
28780
32587
10339
25428
4806
17525
17461
2818
13416
49042
22180
28275
26464
37647
34153
36200
27917
48396
15068
8706
40707
28576
14028
46862
21606
39599
44232
12675
6830
9982
47082
16336
37504
1224
15344
15231
27499
5286
3229
30703
15033
39688
37185
31007
25218
45389
19299
12056
26678
26720
42517
22808
9490
21211
39248
47664
19437
13836
30046
32486
10272
17142
1869
9824
27306
13226
16123
46673
41107
18978
44770
38468
40303
23537
28342
31971
32242
24708
35712
38623
35226
32948
13340
46924
31848
19519
40883
40211
42104
22849
48481
44561
27483
5679
47089
32520
17015
38202
14120
49075
33368
35443
40780
49222
20822
22580
21713
33536
35599
43820
35424
46788
40844
14163
31042
28854
16676
12544
15232
36186
17845
31453
49304
24055
31762
34707
21330
22587
11161
448
