20197
36482
28399
18002
24809
9847
12376
37734
49096
26630
35615
31579
29606
36574
19000
32275
16034
27818
39318
43157
46101
40491
42608
38044
47410
46606
12807
31212
31558
21798
5006
1518
31032
20972
46510
3232
40331
21529
11896
29719
31036
17066
24458
4813
12877
1026
37964
30767
10139
23244
38067
9081
23970
29419
44484
7908
119
16819
33702
10851
2661
42505
48451
1647
40759
7123
33343
289
33086
9965
26233
25646
34937
7810
18762
37806
22705
2892
12142
1660
3651
24198
8857
2297
9748
10682
12832
39569
28289
24706
37947
8780
21527
5086
43746
39900
42964
29141
2631
28920
39490
42195
16226
21497
619
32362
25101
40050
4422
24091
3878
36929
49146
33789
10736
23613
18402
11504
28431
27516
15326
26511
42687
4949
42821
23087
44549
10174
5725
2839
31975
49731
31208
42840
10679
31467
6402
14386
91
37873
9429
39305
15410
13811
29493
42000
37829
43024
49534
25582
47212
19891
35858
31836
47386
19735
113
35543
44000
18701
48097
38230
25513
21026
29271
30650
35039
30022
11106
38
17441
45298
37130
5558
22962
470
22218
42361
28376
11792
30383
12769
16567
37436
37233
45017
49669
31630
21627
43230
1179
17166
7759
48741
28018
2430
35621
43478
6235
33256
31817
8504
8066
35920
45865
35405
48589
13110
9645
7040
30780
24808
43769
38856
20046
36151
46695
30603
44050
30830
9898
10240
44117
37341
36319
240
30539
41845
36304
19067
35043
23468
15496
25784
48792
28661
28414
3598
20187
28888
37415
19059
37858
3712
25265
28498
26185
31772
13899
4192
11914
29113
18178
14848
47943
21079
25276
10082
11459
34214
26573
1129
29961
17231
20443
35611
13376
15855
15428
39267
39258
32052
7075
19499
37462
10418
24067
23608
20041
45078
37191
10310
10731
20706
39082
11972
29036
2270
36935
10115
21021
30570
25412
11763
498
32459
27627
27876
34139
33876
28270
14568
7049
31000
9805
4421
42451
16380
5253
14107
25435
23674
14656
13427
26704
33425
48209
23437
4970
35218
30342
45160
23745
22532
33605
5658
30816
18733
6463
43377
18260
49264
8799
26239
4272
42947
41677
17715
25324
17603
40244
17514
24498
23818
43826
36102
39280
39183
2572
5897
8286
12334
35571
49984
35894
38757
27156
21874
45005
25102
12324
33006
18364
3936
23827
17919
43405
35953
4985
1642
49838
5150
47753
15726
20637
15389
8231
25378
4377
9550
11005
48485
31979
31937
38179
48750
8983
1016
14998
7798
47895
4247
38490
23919
19542
41995
43896
41687
30718
27590
12751
28573
1294
25953
26505
7731
36288
38705
43361
12712
26649
388
28320
12644
42142
816
26288
27361
6716
41742
1807
14834
687
26813
37328
14502
21260
