24579
10347
13254
3775
42359
10303
1588
28477
39862
4109
4919
46744
743
3677
12702
454
25675
23428
33260
7900
13240
34492
17871
2919
44746
10525
41944
28169
39293
48400
45287
46487
23023
4153
30831
23610
5817
14265
27024
42101
20338
37526
12210
43132
30300
20691
20908
49770
42901
35685
14272
1547
13291
15990
42150
4462
36895
3758
2914
16610
42776
13599
38433
40997
10700
49270
26153
5484
42743
38111
17834
41373
31094
25095
44833
29800
30516
8073
43462
37546
5721
7932
49349
33277
8250
2923
29787
28829
44280
6040
49506
23888
22827
3051
17527
24531
2724
18065
340
2532
15807
26446
34677
36898
11554
27998
21006
29879
18022
34469
5465
15801
34578
17811
47194
47242
37557
33395
49162
30546
13445
21450
27016
37240
21498
13422
41314
15475
29871
2374
48898
1525
44655
5437
16593
9854
39283
13372
26201
27242
42541
12583
19132
24409
39290
24118
42160
12301
22056
18822
42860
8008
22717
46330
34458
17285
26293
1827
34930
15570
2188
22812
10354
47075
29064
46881
34961
37348
23222
22236
48060
26199
