18703
6567
10047
24564
18214
11964
38541
25065
37477
34915
49974
38347
22470
12006
4151
43633
24305
37085
21066
36633
2866
1220
75
25845
34367
35445
12206
17697
43497
14174
13698
11949
12406
46696
16683
32172
20273
36659
28017
1011
27328
36484
41723
46916
261
19659
49407
7487
34031
14269
35427
47585
18839
27477
18324
2970
41143
42337
18890
46961
30148
9381
23387
11343
3168
43998
13667
27844
27075
24327
33866
40705
1526
38418
31740
45497
4658
32380
39940
31175
2010
10936
6342
48886
35011
27048
43657
42930
25112
45051
31171
27860
16173
17664
44853
22686
175
36951
44190
35353
24348
19340
46957
10941
28525
34402
45772
11087
3067
38642
6552
25619
38251
35248
37459
5317
8677
47009
33036
38135
7448
35097
30672
43948
40022
39070
20854
23934
11672
8398
35198
26996
2307
16121
34959
9966
44980
30254
49953
35309
43874
32569
12542
41885
457
40316
5077
13770
48648
30707
6944
28930
46093
18975
38363
33618
23723
7998
36795
13310
8625
29104
14652
17425
5688
47160
39748
41918
35994
19870
4353
19673
28593
43284
