9276
25492
28024
3235
26687
5825
7873
49419
17837
5420
11269
16485
15531
49528
22395
44890
561
18283
19880
32050
23079
7794
5759
45542
44293
33327
2222
44659
10433
10386
22129
16126
11084
48806
13069
25548
8393
32363
31107
11970
6186
38640
2850
18431
40006
35610
12487
414
49106
12152
41293
44022
8234
17137
49940
4430
16112
5565
14706
35430
36353
46081
9461
28083
37111
11656
40140
43935
3800
33326
47986
25115
44629
13187
35921
45052
28036
42082
25727
29410
8145
15994
44480
8
38980
46307
27655
12202
26230
27027
9342
34816
44846
17848
28123
17569
3150
41945
8335
21132
25558
18659
8396
8910
33779
2201
10913
15149
42
15548
5611
33815
24859
47888
29998
23570
29993
37378
22815
49917
43079
38259
31137
16530
16688
20266
43117
34605
35095
21324
26827
47371
14843
22562
17032
29047
30455
19987
8557
33123
48271
34842
4492
27532
17977
2926
3280
24035
27287
40969
