34715
14637
4350
49124
38250
40452
16518
20013
2917
17152
26561
41967
29763
24040
17091
40280
6320
14282
42777
18383
17197
32617
7909
25385
12501
33875
45556
14906
23288
33882
22396
4545
180
34820
33318
18713
9983
17776
21548
46371
29726
24690
25659
49246
37323
44366
20792
32820
18916
16720
6599
40506
21619
31022
11581
32091
35642
9538
17028
36193
21679
14444
47576
25347
28466
32920
26861
12146
3657
43518
10278
290
23100
27742
3428
29473
33958
12519
11193
5764
14409
28842
46155
24992
26889
34967
5569
26317
36032
30724
3625
9192
42848
49426
10953
22608
26638
45299
4748
20465
39043
42991
2163
5862
23102
34559
45419
21732
45257
20696
44453
1975
38567
30627
35588
7320
36485
40101
6849
25267
40968
43319
25739
20399
24398
36704
27368
29378
39903
23143
47833
26786
31478
22848
43640
45359
6585
13433
14241
11248
26308
21298
15841
7243
19613
10676
40005
6508
30749
47661
27275
20621
24384
36853
42127
29663
4817
47981
45293
7306
3379
37936
42678
41414
38131
45979
33662
16882
14284
11605
5865
34149
22059
46835
18656
34721
6502
20176
17183
26564
13601
13957
33576
18067
4685
6306
49330
42916
33551
11222
16144
33596
29348
32071
21717
9147
33324
6970
29735
36429
35975
18251
19459
19104
7095
5020
43277
45453
19506
21219
24589
25012
25761
16294
38481
12668
24983
10424
16614
20482
7234
34029
45178
32566
29890
1069
6612
18428
45620
17636
28868
41525
32086
26339
40927
47917
11657
41201
30510
24698
19008
7530
40721
30518
46359
8241
14567
27528
10801
39878
11094
13794
47533
6170
12514
36596
2686
3306
25033
41791
31795
41405
14896
10703
22257
32678
11996
42699
44779
37412
26310
8298
17316
48558
18979
20467
8169
13299
27060
36558
48454
12561
38263
27026
44272
26859
5296
6813
18748
18229
31361
37543
31438
23700
38918
14359
46401
27605
17868
31893
6083
20452
46868
47010
41041
16533
30615
48987
24680
35891
24261
48875
13735
41506
10445
48237
1731
5876
15177
9007
5676
28288
6586
34095
33995
14146
26866
42388
32174
47673
20651
28517
21730
42441
1867
35301
20667
34455
13596
32438
10529
14251
11270
10466
47085
2260
25138
4367
30193
27084
34872
21206
3287
40918
36884
26645
16331
24262
41011
30919
18457
24388
42999
26068
40060
8570
2311
7169
29781
21629
46809
2206
36410
1204
38192
41384
47266
18898
9139
12815
7877
13378
45627
18709
41751
2132
546
10364
45066
15390
10123
49282
44162
41365
36722
9503
23001
26221
33431
45477
38902
37847
23478
9807
11574
19300
8177
49191
1264
8330
44654
2957
21441
2455
34751
23152
9761
36012
4621
31487
20921
23268
12471
11080
24682
30188
9798
16561
9955
23666
21071
20654
28841
42642
10766
27869
9211
46620
39262
26815
8858
9611
32804
47735
38320
35255
18265
18739
19563
32623
35034
49097
18005
7867
38056
34814
3730
7274
24836
45928
9723
777
14112
36240
45310
27352
21459
30168
7583
11620
32021
14974
22402
3191
19057
42951
10492
44488
42031
1311
31716
12430
43099
16188
29245
18544
27737
48378
24789
15142
48422
1144
7665
23765
23323
49689
40289
8511
27229
35174
34813
19540
32157
32614
35041
28728
549
32465
38854
31189
28235
1231
23464
39660
15094
20221
13250
23503
41998
41036
46562
3861
10287
33538
39107
25803
17720
34879
6189
21633
26378
1990
8642
1254
7249
4486
9906
19284
5607
32659
44370
40144
48998
22274
10844
24962
5594
27419
32430
7148
20055
32026
27637
4254
6316
48130
11177
29325
31226
29304
49089
20293
36044
7457
21727
