28372
41854
9775
14222
34080
4583
48637
11497
16664
14361
10957
12296
46048
24751
9887
21865
32483
49125
4740
11416
23413
16127
39961
42424
560
21595
17487
847
26031
25180
38018
17575
34199
29588
36840
30291
18726
19516
16789
28147
9083
20321
24679
24864
1551
20318
49143
18112
33358
48156
1754
5089
43253
45899
33670
24158
37561
25042
17963
10763
6519
24088
43272
33097
41654
18333
8486
18631
19732
27199
41636
4087
39018
23233
36943
29046
49322
44072
34906
42877
45408
47101
2671
24039
34795
13321
41048
44441
5341
2296
6657
43043
23609
48985
5770
48647
33577
34425
51
15569
10285
26776
13064
49502
37624
31553
49420
9049
7739
22212
42065
10078
9343
20610
37511
35284
20741
34146
4312
24147
3948
32495
3694
10420
12970
17928
42685
39479
11278
21929
7286
3956
14097
16184
9447
9813
10105
30765
6534
47038
6446
8313
44157
38236
263
15575
41913
40395
3839
38483
15433
10049
48430
45375
5276
38325
25209
27510
31413
16677
36172
45251
29350
15697
39648
8561
48021
18484
4110
33142
19457
17962
131
47339
17869
15597
45333
30011
7697
12530
17366
23454
17751
27768
42157
41037
7795
49498
48328
13647
13035
37104
21890
44947
7522
31384
5254
26665
13271
25820
35328
32253
49811
30599
22381
23866
3587
8788
37055
22093
23340
13504
39345
876
3088
43805
36689
28536
669
49592
16311
19336
11473
25161
3680
33957
31596
10756
40597
40034
37939
33313
16615
36164
4204
