29636
18792
39666
28556
45398
7625
48230
28049
35889
49336
3743
39478
23149
40826
29063
49987
41731
43883
6116
35833
17627
15164
3270
32811
28557
45847
40791
35501
35999
29652
20952
42423
27622
14795
5194
39912
18394
2713
41033
22321
12091
28212
31178
9803
46989
20749
31246
11766
22994
33391
19128
29323
21274
31430
44750
9818
1333
41679
38000
45013
44556
17207
14672
26073
47384
26696
19966
403
34166
45222
46657
33627
16660
29315
12495
48671
1328
32064
43915
44107
34204
26843
41590
979
1088
41661
49668
27857
9678
26004
43208
43877
21343
36466
15827
32843
17134
29107
21467
1808
4959
6625
6034
17983
44101
25325
45380
14118
44168
8357
12043
41546
48128
11487
16767
14873
21490
18568
9539
25427
5950
31611
42406
1958
32895
19081
20008
38319
7744
6560
31833
42284
42479
16557
5633
22498
5880
268
10131
11538
40092
34308
9905
24763
29528
48590
27916
25816
49331
18472
42387
17669
29633
44210
39651
38400
12425
17974
21168
32039
44106
37727
22179
17982
41809
47202
14880
1403
36471
43196
28665
8695
16118
17403
45273
6738
49014
28224
22466
49150
16446
21910
19610
3293
15590
14257
41681
151
24423
36192
6897
48639
3278
15816
26135
44008
40733
5533
47890
6050
6581
5723
28345
40473
31079
40961
643
29753
2606
31138
22336
18660
48901
8341
42346
33438
10811
36387
6891
31156
6285
24342
6007
17721
29022
32150
343
9623
45771
18939
519
37431
22051
30533
47134
16987
7889
24975
27218
49837
14220
35364
31248
10797
3188
10969
27714
28805
36814
26533
17452
30007
31578
22775
11328
4548
20167
12457
39382
16847
35740
31976
31057
1198
8276
17181
15758
1174
39254
31298
44216
12405
17916
43778
31835
40319
16775
36746
2790
11290
10812
48389
11536
42754
490
10807
28015
24550
40132
39158
29530
28384
24904
46690
36416
49321
31105
46501
37771
694
37010
22657
46955
42019
38151
9656
17396
1930
22215
18674
5636
39731
39816
13237
36447
4226
45474
15905
17841
14093
46553
17601
39099
25309
39351
27085
40381
49871
30261
10637
27439
11303
18471
4009
45560
48052
46899
27317
39255
13198
49706
732
8413
42294
29254
22929
15542
9449
32559
