18654
35675
26707
7387
15476
37030
7851
44203
38550
26483
2198
2505
40848
49646
34397
12168
8499
36045
35805
11713
1260
17534
8036
8967
27679
23574
10744
14184
26959
4767
20085
48437
40740
37027
5557
46270
6267
37264
6700
25613
19363
13255
39047
45391
42202
23267
27672
30117
38439
37554
24336
34637
39753
10837
21423
47644
19567
7346
4209
29684
8588
38744
43690
17865
2282
48162
3683
8564
14583
10900
9041
12566
47501
42034
17969
25832
730
2867
27490
16783
6077
19251
6555
39249
18135
30620
33949
33509
15401
8913
48081
26868
29990
38224
11690
48256
35240
35491
5843
27515
11355
11510
28666
14994
16066
17235
24424
31152
33415
36843
39669
9695
13702
49323
928
4242
18887
12136
8984
34480
33594
26286
41339
46344
14785
29729
49436
34059
44637
17172
47800
25038
28677
10273
18566
9048
4124
24130
13852
44848
44684
23637
33030
5130
38999
1469
45594
7066
39247
30357
3772
31710
9948
31096
20956
46260
33130
3759
21906
31449
27765
44948
18098
35409
7136
35298
