1573
41274
25488
42229
16016
6003
20358
39402
28793
14628
39826
27494
3043
45166
38647
37096
45024
3396
44832
46360
28741
24799
4307
33172
25762
10605
30588
17971
23472
4332
6238
40516
20374
22622
43536
25603
21610
1564
44059
1151
45201
4933
22058
20994
16739
17169
7244
40357
5287
28186
9815
46779
45400
32447
46465
24567
10355
47699
9931
22023
7228
21083
49641
37277
44969
17694
35911
34760
7115
36456
4045
7333
13719
18707
13007
14401
42674
1937
48708
6797
6394
220
28441
29147
41042
18056
19372
29274
13318
37683
27121
32937
25858
32032
28509
15846
32714
12828
37420
20258
26838
18888
22326
43918
17178
21844
37242
31895
27399
8077
42988
14562
8907
7724
900
13275
43058
22605
46235
24143
5349
34102
13285
8761
49119
48050
24634
14410
12601
46915
29134
47772
5631
19687
37837
14429
5293
1316
14528
44250
45678
653
7981
32457
5238
40168
6727
31202
22683
34856
34160
20606
32453
1009
46452
26371
20110
46946
28736
22251
12940
1480
11976
44442
14417
41441
38553
5628
31755
47413
29428
8488
17400
36915
45664
40
49327
28282
49876
28307
44
41753
5175
46913
34475
6827
39116
48755
39888
37688
27914
44640
33723
32857
40923
27392
41015
1515
7892
43811
15438
47621
22219
44632
36707
17899
26002
18560
3495
34117
29742
20552
28811
35672
35073
38076
28034
35228
23284
30918
11890
13633
29309
1764
8888
13306
34060
4642
36314
32992
38470
4902
39756
21373
281
27116
31313
32749
26272
14617
26947
25887
26470
4119
8784
43446
39783
6438
41494
49156
2320
47404
8072
2603
4321
29198
42446
45803
1648
36444
38853
41571
28948
14902
6400
39453
49255
26637
36818
27420
3512
35535
14041
5540
14262
44940
41492
25478
5407
41529
22286
10099
36714
29604
39296
26430
15171
26304
28436
10745
13551
6087
3332
39950
5882
309
37443
8681
9112
22751
47734
22342
27890
34639
37875
45508
32621
6996
14377
20392
44038
7548
48309
14454
30191
12863
14489
17228
13079
38814
35185
17491
42740
13859
12446
33070
33332
36552
22079
11925
31987
28558
5501
20677
30140
20833
45660
19110
5894
17411
47703
16387
33739
262
44513
33146
9856
25856
24914
23438
24599
29617
46390
48660
46352
48917
2693
43252
19256
33309
24120
21004
40436
15599
13745
32716
25420
7367
17901
18225
28304
48688
7352
9770
45326
30021
31901
12233
5642
2517
32124
12772
37083
48719
48062
9636
43256
19901
11762
24452
44736
13214
29290
17493
37632
9050
29303
22706
26556
8225
6493
38707
41498
45547
43303
13499
46959
9897
42386
2492
23546
41915
48082
46478
20179
34323
38338
7838
29435
18304
25665
9838
30111
21015
25106
10385
46275
42047
28550
31683
25146
25724
5589
40829
23216
1353
47296
28000
37578
88
20381
10462
21902
19327
9300
21421
38150
29291
47532
18133
6207
13540
20244
45616
5918
1558
43830
