34266
16528
47135
1726
5502
76
21301
36486
5458
15604
9149
45550
35419
38117
8694
33874
18463
5103
9890
28165
28397
37432
47481
5779
24317
48810
41676
24228
38763
30801
33705
27616
26919
17346
34611
34269
2990
24731
42375
19153
38016
12375
30646
2651
38779
32662
32016
4386
8911
46127
39088
14844
49202
46151
27291
18496
8102
29970
10250
41246
32524
32270
29394
13756
48525
4416
49550
33849
23488
161
39661
16506
5983
16487
15165
3041
7293
7313
12338
4121
5982
31231
38008
34121
19220
6651
18619
1491
22135
14979
8769
33274
32931
8408
25247
24213
16558
11432
25075
42143
10423
40164
48812
48163
13126
6437
7419
42803
34379
35798
48838
33217
18628
6866
38291
2014
16982
15447
31582
39292
11165
42899
16263
47027
7261
9640
46888
14716
520
43601
12790
15587
599
29977
1520
28193
1918
27037
13819
7061
41059
20216
35507
24079
46739
17423
19843
37937
13334
20075
13824
25339
35302
45277
45817
8847
26667
23362
10254
13649
24514
18142
8690
28917
20222
26668
20933
7397
14031
7356
41371
9317
28984
27652
10085
13008
5269
8566
39395
9688
2550
5783
37891
36014
22012
37567
34465
19399
27988
5070
22446
43245
23747
24221
10659
27741
45368
18038
16937
10929
48383
24191
14150
9917
27523
3382
18255
34451
31129
22113
22735
29821
32500
40504
7613
41555
43233
30709
10417
5213
27122
7805
2594
45878
45447
42701
38729
9884
14665
22949
18034
32633
46903
39937
44645
9072
31572
25982
29870
14682
33807
27730
16444
3164
17419
4698
49226
37125
36162
980
34952
23545
38458
19879
5084
45904
40321
42575
39243
31225
38529
44292
46892
37756
4517
18927
46255
30237
8571
5598
19632
20368
1936
47749
7596
22176
12222
6602
40375
48725
3552
25539
41638
19576
10880
17561
32681
2159
22133
31222
11061
6103
9522
10638
2748
32824
47785
41076
7747
11485
38387
1245
31300
15139
38073
1095
5805
44794
26422
27325
24570
13112
38368
32212
25256
42627
3410
47707
30994
11332
3199
34913
3764
13983
33545
43630
46991
32445
25335
35749
5743
45350
3020
2096
34433
16527
49667
31984
48351
