49499
24004
43054
36448
33567
40934
27636
49489
1610
40588
10103
47630
45802
41647
29972
30653
22985
5780
29880
39955
18318
37587
17313
18335
22829
1530
6694
25176
31324
21348
4537
9821
42376
9113
4004
17843
25486
42131
12464
6761
4400
3618
30762
23125
6946
33449
20671
10029
33374
17609
22824
2717
156
43046
9981
12131
8922
28589
39990
34400
12582
37218
29280
23918
46928
27824
757
23529
1029
43780
12145
4194
18513
5914
235
36830
17489
46242
7843
15850
20300
19810
31965
17741
47865
22908
13594
1737
42558
5535
23649
2167
44115
36682
32978
24627
47564
19940
10898
6356
46254
37329
39383
20490
47485
38632
43895
19282
18459
13485
32310
34151
26651
9043
29331
18880
12884
33944
41054
35150
20209
46630
23163
42275
49223
17617
39508
32163
13602
5632
41984
46769
34234
13047
29638
35357
30663
30405
21048
1517
49295
14661
45606
22942
46551
6305
29553
49812
21147
21430
44620
25299
46418
23325
33451
47323
26347
41962
21661
36370
7364
3053
32297
39390
47787
29072
19665
43882
19045
14847
26108
33051
12382
45644
18230
31047
3498
44276
27603
42682
43597
28139
11948
10707
21250
34427
43254
32679
19025
47393
15419
22713
8711
39113
36038
38169
35138
384
37
23452
39488
5566
47180
11847
304
21031
17970
23294
27976
8426
33752
24225
9686
1653
29656
48533
43854
19172
30049
12305
37835
24121
37769
8165
45043
18306
31983
9337
48607
37363
27225
17071
15477
14440
30099
12666
25609
18393
41053
7469
2299
2496
49281
6798
23989
25741
40713
42493
32656
22606
42599
43456
7657
35329
49092
34970
41798
42456
37136
41421
41861
31421
11917
6381
18059
19467
43949
49249
2277
49969
2754
