49241
34329
15830
42543
10325
24422
43348
29175
40120
10197
10779
538
4498
17010
44710
16340
35065
6310
41754
41177
10794
44052
29076
19643
39789
6608
2436
22032
45575
4507
21456
47638
11764
26084
20896
4396
26937
30940
32581
152
39644
23626
47285
20324
45515
30902
30618
47637
30208
29206
17827
9110
27541
38725
10247
21238
32083
22228
917
14810
16885
1235
45000
12657
29997
31613
43265
23341
8826
23031
30225
23289
9237
39321
5441
46244
42277
35973
47328
36083
47843
16717
31518
9697
22205
10979
26583
14909
32655
3611
17668
47016
43198
10162
11697
14412
4318
47694
5866
27744
6141
37776
5390
8377
2193
37969
31011
30441
11484
42338
22569
9411
22950
18040
28494
48037
22425
27484
12400
7517
14373
8739
30500
21659
37144
9209
8168
45740
22214
42471
6178
41002
34460
38039
38199
48240
1192
24210
230
23831
41806
26300
11742
16468
3976
37046
41700
6467
14728
34026
38803
853
23447
25814
22162
7332
3147
1787
9198
16185
18521
48608
41796
29201
25612
19373
10052
19929
14555
45183
40445
21962
2659
47199
48643
5337
13055
13037
23728
17703
939
3519
43392
27574
30523
43755
5393
8949
5859
14480
28753
24324
37110
9992
25550
18330
12673
26540
39602
6525
4720
12796
32561
26142
14064
44959
44175
29896
42502
17317
21887
18601
24740
25600
41888
8522
47636
38857
35828
13689
23914
38271
6644
4758
16542
10478
20973
35876
200
17273
1669
10315
12241
11927
10931
23857
42773
33110
41188
5496
19928
272
12448
41550
35978
5061
28889
13249
70
45917
20523
33057
30325
44404
13109
38636
22738
17449
45605
20748
36961
1899
42815
19956
11773
26322
39574
46677
41618
