13236
17200
17386
40722
25255
22984
5153
803
32870
18173
41376
44202
35932
7057
45725
12358
3085
32976
40598
41337
1172
21135
46859
43916
40554
27958
42870
17909
17355
14792
11
9745
21234
45792
38638
49850
34835
32518
25239
22708
7946
32562
23563
2653
29536
49541
27261
19709
25688
23347
20237
6867
29061
41264
46679
29240
40489
20069
5013
5781
8896
24527
12839
32222
26481
31692
47635
18960
48892
24293
14791
42304
27459
10564
48491
30694
13132
14271
22406
10770
29301
13994
12955
29037
32235
9356
15884
13494
14770
1748
14526
1675
725
8415
35959
2673
44384
47695
7096
14890
23938
44047
21504
14754
9392
1706
41329
12104
28552
46006
11765
37920
15926
7741
23197
42224
9837
7218
33381
17873
46112
12328
