7307
18387
15914
33672
9432
39959
12212
25992
33005
17585
35561
11867
19037
10810
38298
13134
11220
43263
47544
39349
48105
37113
3110
46704
21325
19619
39279
46914
8284
9385
13917
49823
49013
20993
14978
43770
19654
39771
12310
40307
6254
1409
20406
48407
33757
6917
478
22128
2546
5454
18767
44922
44802
2465
29066
30883
3159
24414
7529
34271
23692
30130
6664
36806
20587
17242
23751
28668
46901
2798
31053
45412
14213
36068
48918
4057
44263
8087
22804
5624
10815
22490
856
28599
48186
49135
43264
44662
35049
14586
42538
21389
46963
18075
12277
24028
21994
13862
6909
26299
43759
2352
10067
5860
10199
36185
49546
10444
33428
31294
8026
11868
18643
15683
34345
18485
6932
31484
35001
26015
3209
35624
34002
15175
15632
14314
40957
29209
5931
19453
41865
26348
3225
33434
7951
23952
30678
31115
43889
27680
40973
7597
14054
34453
1046
47519
37107
17150
20853
39978
13531
31997
44406
14074
19609
43864
20250
32092
48606
4932
24722
42006
43235
34736
8312
1752
35827
21425
16597
47490
17993
17412
32376
44014
16351
18194
15488
36296
37158
35435
23250
5703
2368
45008
45031
37180
47435
24887
47602
22301
19703
10921
45549
40059
43719
16208
49578
7642
34769
26905
22631
14524
1619
17887
10733
48563
7551
13276
20156
26167
9921
41612
44253
5700
35370
30005
25274
8559
34188
38788
47704
44270
5419
430
40534
21407
2972
5850
41389
42385
26733
41140
7038
38210
34025
28978
1261
20602
21223
14418
38478
7760
37169
49652
38023
36543
19235
17474
26205
24479
39968
20883
14654
4449
22049
21493
37227
33162
49584
30255
41653
29000
2956
32846
19574
26234
43618
35282
42796
39526
39632
22904
47049
12593
1760
22846
7745
43866
32977
17378
42179
37809
36564
17292
39252
18486
45723
1214
47665
28256
33019
47903
2506
29316
9653
43901
20561
28107
3856
34870
12275
13908
1740
30961
9913
28261
19244
11144
750
38534
2613
29859
19661
303
33971
29011
10650
32501
36268
3162
10916
47899
36099
42886
6926
24298
22989
35645
46047
48727
9514
12297
43676
49857
41472
43953
19090
3029
10430
42145
8050
19439
49004
19637
16375
17815
5182
31295
29661
35663
43513
13016
40907
43071
47366
10518
38863
18147
26908
35173
48231
12939
24330
48550
25530
40401
32724
44673
29483
47836
4203
15432
14825
48625
2084
21897
4116
22420
8047
36877
45271
42243
44927
16245
17700
44711
25333
13972
28913
12333
31182
49663
3490
23285
9853
13434
15501
43911
1815
11639
29793
4997
40198
31242
21816
686
27757
38650
28453
21189
42156
31916
26273
10333
32002
5135
34755
28755
15838
31929
20734
13478
15949
33087
5999
34410
25498
25326
8081
8668
29102
24694
16939
25745
47036
27682
13119
47311
5645
2041
45703
23767
12942
29488
19361
39103
5016
10246
39769
12744
16373
36679
1569
11563
25155
3627
38428
19234
36
44058
24931
23641
22678
15998
31155
7480
41721
