1911
10181
44269
23013
24417
12393
25902
24086
44257
19484
24705
33429
37137
30981
39588
3510
29409
9383
33307
29568
13664
35573
13509
13552
33061
38907
3561
12325
43007
31784
12727
25349
5472
40512
28378
49029
30377
12330
39173
16230
19988
25289
35114
36271
32494
20489
26567
32309
20582
14290
36183
42126
4938
49032
11601
44546
41925
43397
20875
24576
22167
26819
29630
35436
25734
2951
36465
8578
7167
20929
6889
6806
43590
43044
9525
4171
15566
12670
47721
45403
6307
10973
44150
40601
16975
21404
3155
17754
22770
35432
20627
11989
11540
23920
29464
18455
27238
34195
23346
12399
7904
40386
19133
39161
43139
40508
30527
37633
47915
48591
18386
25371
27841
30562
49069
13495
20056
44053
29827
31595
2065
15189
41989
692
21739
21081
40474
30748
20375
19165
6636
19539
47220
37398
10178
45850
43285
47645
2701
7205
776
38190
5648
45496
37018
16383
24565
7131
23326
33601
36870
40882
15185
29892
38244
35157
33124
14516
9446
9196
7728
36640
514
15293
35250
16253
