21561
23400
32285
34001
7388
18860
46560
38237
13290
38944
16138
49289
33321
41008
6120
35927
37752
2048
15467
20580
34531
713
10955
39218
148
12636
5444
9465
46529
3149
32201
7023
30204
23048
5106
4550
31459
17847
47524
39281
33941
44235
3999
7589
6541
25998
49937
36894
2459
857
43860
4381
378
36645
28963
43140
3145
29429
23155
32682
43413
25198
27469
14864
41720
16206
15114
37745
13211
40939
23394
12552
27038
931
28689
11874
1860
25061
29020
40217
21705
48281
28544
36959
21003
31964
36450
2009
21985
46419
993
16697
42094
43278
48065
1614
20153
973
31323
27995
35578
47980
22652
21297
16547
17027
35463
27480
46768
20541
41045
31773
9386
8600
4450
15883
24237
22022
6536
25997
28121
19458
47132
31349
43045
10520
30077
25543
20234
35860
18985
40531
27010
125
23776
28711
34162
3789
37405
20032
9260
34818
8291
4923
1725
37600
20938
24172
17173
9553
18967
25716
5038
31369
36321
2333
666
29520
41234
42302
22954
18715
23789
22973
35341
49479
36963
40685
1114
7010
6076
22508
22320
25700
36609
12594
29438
16585
44133
12135
48865
1578
33603
6965
46552
49455
22389
30923
27695
19386
22318
32738
5840
11686
45598
399
43892
10427
49018
15518
13139
49340
24009
20701
20874
35784
25721
39861
238
45874
7215
34945
3055
23871
13407
32220
21446
3442
5745
7055
19902
26468
49998
13304
23072
45961
24999
321
31819
32934
32403
19379
32657
1589
20815
36312
40086
30206
25503
49151
36811
31607
33692
46211
10786
13045
892
32399
14691
21044
135
411
32170
5412
7017
21205
46426
23983
31885
49180
32069
39190
18704
37041
37359
43238
5662
16096
17128
42027
25540
36043
8613
11427
32969
35577
6911
44468
46693
10440
29845
34196
45482
25292
41606
7638
46718
2787
11817
12280
29818
35264
1092
48397
13216
3268
44056
8348
26593
38910
39641
1430
48347
13094
42632
47632
20679
25985
45713
21611
12934
38088
39840
926
6385
8331
43055
9849
26213
29475
30683
13431
6652
943
11404
30721
38742
36848
29448
13023
4447
487
7441
4172
18122
9778
12411
24772
40909
28096
7223
12477
21102
49471
15321
31372
4599
31249
2962
38657
19699
21973
22484
33727
5735
30179
49456
16603
43004
24892
38346
31736
12269
15929
1677
1712
357
31587
15972
41357
37596
43149
6743
5791
35459
29150
1902
2941
48221
42884
47269
49373
47468
12155
36369
39946
10482
580
25290
37900
21846
22448
8569
20109
33281
36758
29986
35362
35356
4755
44753
4868
14167
22793
25689
44333
31699
20031
12257
46365
40767
18201
38057
38159
11385
12813
1134
49173
25502
39166
33151
35237
19937
10877
17064
19616
1166
23094
12956
27418
42697
9207
9217
10511
19068
49695
38639
41043
24935
1005
43378
2831
22195
1051
28301
17980
2118
25223
1643
40043
25525
47379
13828
5899
4573
12793
45626
21768
48494
23841
36734
35415
38694
7669
35919
49067
23793
6411
20081
46865
25929
7466
23881
20058
26527
30386
38139
5375
21402
25771
45212
46722
9025
47790
37878
9384
6344
792
1187
33021
33573
1167
48242
1284
9303
18338
46458
21655
38563
17659
18535
1797
23137
33787
4888
27461
44018
30410
22252
9728
19704
25282
25852
37800
7062
3778
34927
6548
899
32037
5406
31961
48057
