24251
35607
30973
27649
24441
27987
43708
15030
18274
1586
39193
7554
29874
42074
9599
41268
32618
30056
41622
15829
43575
19592
10228
37943
26928
48252
39346
30285
5835
8547
42588
19156
35995
4335
2431
11139
39564
48805
43787
16443
25928
37792
2231
44755
9282
48831
714
39713
30110
2778
32159
4784
31776
28370
35151
16010
33832
1843
45809
36110
38222
6758
36835
14433
20198
35800
45931
37426
11627
36445
20576
20203
27270
13695
1553
23892
32852
12319
28240
29230
18825
49614
13679
39291
38106
20424
20805
35343
36794
48124
47347
12504
18533
12485
25433
21033
42978
10297
33310
33369
12480
31161
25125
465
46100
37926
28125
38435
46828
6287
7281
34348
7019
38905
37212
28056
37151
28088
37265
14919
21699
9279
27141
24445
15041
7251
27276
16162
11630
46370
5218
41185
20782
22143
5620
2133
122
20337
8378
4434
10255
24456
49035
30512
25365
14353
45404
2556
48696
13473
5713
28547
31790
39072
15565
10022
46258
35143
47403
3553
37510
31004
18488
38653
7011
25448
29296
21860
27293
30495
37237
49157
26486
41404
2829
9513
48689
48170
38986
4027
13869
24394
451
32394
41748
15887
27840
23370
43372
19782
3963
47177
30890
29234
16901
45341
19939
18982
40947
26842
46584
34385
13471
34133
39011
47098
42107
20026
48814
26198
9537
24264
17545
23690
10301
14224
40744
48748
45165
42757
14192
29157
12353
36079
7926
6605
38040
11992
20123
15450
11178
9305
29440
37599
10395
44904
33393
48728
26646
6802
12716
4284
11942
38631
8332
10997
22011
42804
47991
17499
449
26757
12845
4474
43204
31060
19992
24681
20019
19442
42552
32573
10475
7884
23576
48063
6594
41875
27271
33040
28330
22943
38454
7475
22041
21043
2032
31347
35196
25772
35529
4376
38963
5812
32079
43326
34853
20425
27709
43628
3247
35726
49677
18159
47053
46533
36941
14589
23797
27645
23170
43152
3806
7807
36836
49935
804
4412
10118
18590
47821
23975
22754
10150
26045
3927
40562
1774
42850
39343
30389
40290
24048
44497
17904
20448
43195
24918
41769
26968
10411
12351
20282
37123
1459
8444
33126
21656
36900
30686
12415
44550
40959
41335
47587
19982
15156
48518
8909
20210
5160
29470
25044
41348
7458
26529
25921
37023
47004
27568
45387
24387
33928
1747
13242
26588
9036
10678
29060
21210
40015
49360
45232
12332
41564
8368
9330
21121
47717
38937
21455
11912
5434
29324
5996
23483
32120
23527
9874
39411
32391
41170
5715
7886
10546
11090
31715
6679
19293
41587
43967
397
14307
34180
18470
27546
18696
29866
44908
16489
23348
32136
5367
49927
17000
25614
34882
37989
48530
16948
3699
41001
28825
2386
20824
7366
31503
48482
27320
39132
18746
35604
36716
17256
38248
23631
26493
42234
16406
22029
38026
48657
38416
34836
47327
23645
1054
7059
11052
24357
36599
35640
17446
3217
4202
44831
9020
5746
19914
40345
16869
17451
28622
25307
14084
19051
43432
8045
29546
31877
13469
37099
21970
5573
18478
45146
49976
23979
4841
47448
20444
26171
5974
36461
25633
44835
5622
11271
4301
13294
44845
7766
16725
6290
35533
9997
33960
16552
14019
25295
46368
35004
30904
1758
35963
33846
42246
44821
15605
43487
13303
28832
49070
12969
17620
8437
9725
12786
11420
24204
41240
24135
47313
24609
2755
8604
30719
31693
1781
45762
38735
20558
1419
25343
29504
4814
10187
41936
34635
9676
35922
5241
19016
3794
15578
8875
21959
46111
22362
1471
3755
21057
762
9680
24175
13205
49749
37056
23954
40052
44310
39325
23777
14085
33624
44146
30136
30080
24401
11557
2045
48700
36029
2070
30704
44309
23210
15642
3879
4088
29847
15046
4058
770
31352
41921
44010
4546
19179
47467
26957
17638
32609
5516
23420
25131
33946
36434
35431
14776
2743
34158
7575
26587
13125
29580
18344
6953
7694
48771
45085
7753
24560
13351
43455
20348
16566
22810
21167
45372
34212
18337
1102
1156
17798
42551
19680
46715
30535
20818
5176
13701
4571
19583
26636
8403
42881
44027
4014
13051
17206
2640
36122
29373
28041
15881
44773
25220
37586
27529
19549
29950
8747
25406
48763
16755
39106
3219
1914
16997
36955
24002
35614
46241
38820
12295
28847
5799
29994
39617
1186
376
47908
10554
9040
49613
46020
42106
22947
4641
1020
12522
10549
46593
22431
31545
30864
19292
10350
49636
5852
36766
24954
23757
35579
33816
6174
31082
10447
35771
30912
3960
7478
47238
14620
32442
44787
32427
41990
9586
48154
19215
10930
20596
26499
26219
1896
10647
28077
24874
3284
12655
18152
31675
1047
21597
36178
26639
14164
42351
36954
34235
13545
4803
23722
17435
21811
16134
17900
12150
27144
48737
27571
30936
49877
22217
25322
4162
8988
16490
8936
969
13313
41645
12089
24309
14870
43227
32484
7113
17373
14623
14868
43291
18506
34229
41387
22736
44683
38846
8418
36577
9438
21599
20336
39272
48559
45776
16605
32244
34364
27333
19155
36418
42185
39969
27838
37569
18609
47983
23082
24544
4721
46883
8305
36526
44405
20391
15909
41158
8303
2468
15115
25008
14504
30319
21251
22122
29314
20071
12953
33880
47272
25930
9106
35433
41858
43098
3617
15718
42212
45266
33904
22340
31319
1035
13036
40760
21158
30717
46672
1295
30777
13909
38330
26424
44547
7948
3246
38752
1486
39176
274
22900
40079
31807
4303
32312
31446
5143
40444
23774
25431
13812
6543
14918
342
44114
36904
477
1416
