47418
8029
2518
38589
24196
6393
46376
29601
35815
581
37791
28411
37574
8859
26137
20414
40565
41364
21653
34681
47557
42429
8117
4887
858
47879
48973
24640
46087
29523
9273
43231
2332
24603
21130
16668
49864
21884
22075
29810
439
28097
38116
6038
3011
9250
40422
19189
17320
10226
12326
5246
44784
29894
34132
44622
42201
41668
6997
31865
13420
30521
17339
31563
38965
4389
22487
15711
41301
2169
16223
48948
36010
20590
39307
6814
36123
7751
4597
2047
5650
25261
34040
11431
31399
4882
44730
8142
37659
31360
228
7000
32257
35873
9026
35974
13167
31640
34732
23467
29278
20290
12357
26033
33666
42577
3394
28195
21187
41741
14645
14059
42413
36774
21356
2398
32646
10816
40433
1662
8824
40246
11816
12820
28189
31341
8040
27272
24114
26132
20133
298
44323
14930
49308
34839
42268
36145
12279
26599
21640
14686
14183
30581
43177
32786
23925
