38665
8011
14988
9401
8180
37404
30696
47662
33169
25627
4246
46091
18981
43611
5511
44043
46268
23874
36076
24338
25813
30927
10075
49585
12034
31793
3400
37846
43343
41883
6429
23581
21885
40457
30509
35625
35987
43504
8469
6873
7984
21458
38748
2000
8159
10747
48958
34315
26366
27071
48732
38145
31141
7969
19135
37433
40715
21922
18078
43060
20364
46144
1508
1629
25086
43190
31678
16860
45516
26163
1194
48929
9021
2076
7502
42492
41058
25174
39361
19387
13854
45095
26113
26605
4234
15645
5388
3868
13539
16834
38411
42954
14218
45728
3659
44265
11108
1477
48238
44861
18692
45015
2411
21376
2152
31145
37579
21374
36672
5374
34438
11380
3314
30116
29446
5219
41971
25171
43893
13684
26287
26019
27701
2487
41102
42769
40573
8873
39066
16821
28391
34828
16743
10830
16261
7335
22522
19776
14375
16006
29178
27268
14990
48199
49724
44644
28268
23038
2434
15311
32876
33917
16836
29654
39539
12588
13986
49248
32443
28280
32835
45841
45966
