47609
46476
40586
22874
32600
28253
17598
4439
48314
24885
42293
31134
5524
37268
21311
5387
45198
23736
18727
46053
6755
23077
45105
4729
42673
37518
46951
34067
7992
6262
29681
27283
42542
32168
18049
40625
39108
14245
40653
45009
22860
13228
42115
30622
33160
41230
5545
18290
19649
48046
24070
16679
11168
25567
7250
39625
48516
42822
23875
9277
12914
45648
29453
20834
8267
3575
12374
7962
11539
24774
38701
32546
3009
33826
8051
433
22030
27349
36022
34389
28067
19985
22948
46637
45682
43585
43362
49800
17820
43613
48197
23498
28359
29381
25738
45954
41257
27977
9512
20378
49459
3853
15029
15769
27626
26822
11573
38038
13845
8689
32837
20242
8551
40615
20781
36250
47961
14441
2702
38036
22785
20960
39629
20709
47978
6810
43056
17041
36098
24448
36912
35371
3351
37063
31080
3786
14775
38087
20850
21668
22171
47739
2095
8599
47434
21092
38842
22109
31935
41856
38062
731
16803
4414
702
14369
44388
19352
31376
46711
42524
22394
22458
35489
14900
36388
25933
2658
6444
15464
23313
41124
1076
31328
47065
5549
28493
47518
14851
16653
1334
38278
15405
36472
4280
14660
24537
23981
14366
20173
6490
49168
11671
26323
9443
37358
8574
44138
29806
38046
27570
31342
21412
4822
43806
1467
6066
22253
30082
22163
33379
48225
29628
38110
37704
13897
7787
25031
40117
42061
36166
37620
12458
4617
49657
43118
29935
48538
13830
2620
24106
14668
48107
1412
17439
40967
41258
24721
36890
27595
36786
18019
17341
36430
17634
13821
21224
