26669
40186
33580
17414
40270
17735
41829
9736
26133
37368
1681
26530
4259
31735
24102
5949
7738
13670
17879
21645
48428
5874
24378
44515
13734
14965
16731
32502
39352
3460
31849
41872
19595
15372
1178
4532
26263
9900
30067
33233
2900
14759
1654
14469
14692
26931
21502
35471
38506
16299
27639
7619
28348
48191
20357
6234
27502
6140
23688
41063
48133
48910
18482
14750
37676
22967
6119
20427
17648
27720
40898
24133
33996
9684
8584
23206
31099
40695
7586
25057
9772
35539
37019
49312
21966
13922
31560
6521
39000
17069
14104
10419
8230
21080
34152
46256
7289
20556
4790
18389
26118
15760
11748
9817
36911
326
38343
23833
4561
39008
27305
20329
35488
22791
44996
44976
11062
47395
30079
13875
35064
37744
11730
23646
27101
28559
2056
49363
1488
35544
24759
2885
15267
34388
44823
25019
10718
24429
7584
1037
2715
39273
39703
26096
40035
476
11746
31075
553
18694
42856
41480
46240
4201
20668
24015
20666
9858
11843
11757
959
10560
49229
23697
31722
27949
9578
1888
17219
34665
46223
40268
46042
2278
35344
23482
18794
5847
23782
8323
13744
42768
17191
20090
35565
17465
26576
12180
37174
12736
6096
22709
43475
3193
10306
34592
47286
47642
32772
28038
30488
43672
34628
37143
38778
35532
4145
2021
8375
1928
23381
49325
18195
42812
42765
45562
31857
33563
31481
25545
13054
21616
35933
8770
35582
5060
1057
28321
10584
48259
13656
35632
22726
39127
37722
45856
15787
10109
38667
18363
11365
20901
7229
39208
26658
13202
40647
29400
17354
3669
24590
45276
36386
28724
29659
11032
31786
39404
18048
35990
45518
21671
11000
41626
4043
39821
10257
33956
27784
38302
12936
40480
33911
18595
32216
28437
1424
11118
16131
25022
45601
48733
28297
21893
14757
43489
26235
37741
23823
31915
32390
19162
34423
18821
6247
4320
45001
5228
25050
26769
43328
45962
37437
47376
18576
25744
18532
36797
3746
20515
2008
28961
7800
9764
26900
10487
41369
49052
36157
11391
24554
23495
47411
43488
48433
29500
1385
6236
4963
46621
22685
38722
19731
19800
25821
25005
45
30740
29017
1331
7712
10328
17327
5681
39720
2741
15976
11488
38029
8362
26508
34629
23328
27171
22210
33487
41108
18468
23913
8121
22152
18992
39606
8641
7531
32635
40271
9658
42240
25264
7955
37176
16476
21451
19279
4487
38997
44903
21403
48709
