22491
11677
26836
35156
31541
37327
19871
21636
7065
10394
25912
34600
27267
32583
30161
28892
27925
36006
22699
670
22639
30416
1634
1873
11603
14270
18188
42595
1244
19335
14201
19230
25555
765
17895
33131
19449
9332
264
18766
12713
13988
40402
2153
8429
46734
3482
4912
7606
49199
46604
44289
27193
11439
29716
26984
45469
11453
4615
37146
747
39201
36248
36913
14227
28899
6718
44752
18914
25249
2126
20163
2338
12748
1271
22855
39645
1081
11256
11472
38395
5580
20663
27373
29775
12745
38606
44889
25197
44126
39341
31458
24193
6754
18301
45933
23371
30235
35658
41250
13553
27581
2316
30577
25947
9649
20886
29551
30175
48981
20920
24031
27934
41948
14039
48419
16608
7217
49992
37974
37100
315
43085
2233
20100
2551
14977
32029
4899
4365
18937
47667
13525
36579
22577
44709
18441
28353
27436
47722
31721
26016
44813
33725
22550
32578
44169
6841
23771
39084
1049
4191
39798
31748
27689
4699
48897
27753
8591
49950
19946
13733
14744
3979
31033
45903
10277
26846
16899
3524
39159
31702
2144
20955
10521
22315
10662
44201
15940
35171
4759
27526
43930
40066
23768
17835
48087
29083
32020
2357
12354
7737
22879
45064
27185
23352
12740
25098
32823
13952
21513
9820
34333
32456
33932
36441
47189
47221
13141
26512
42189
44865
41642
14396
46141
23166
16381
35216
7420
25703
49709
11475
1608
32279
40178
22165
8389
34376
43197
18268
29142
8170
15782
11310
38187
16421
13814
34232
18573
14527
30774
13107
49243
48836
27712
12546
12541
2406
13029
31147
12557
21741
911
31812
17578
41350
30992
28702
44424
38678
46343
428
6684
15668
26352
504
1956
26918
15147
37381
28177
29042
29622
29199
37052
16658
14180
47064
24986
25073
44195
40004
36460
39444
1276
11357
31154
47759
34035
19384
19154
34241
33784
21118
12250
24963
27727
39785
21082
3964
17182
5785
49769
21999
25541
18907
2810
23015
36241
30847
1341
39576
19525
20339
27867
10986
38324
38448
30666
7718
27898
6210
819
3265
32140
5639
49380
47268
19397
41113
49962
11246
46150
32132
407
41544
40466
25551
1354
18525
18658
36858
29900
17201
26578
