21027
41864
17108
7514
35617
522
18671
8421
21448
47825
22008
34533
39023
24851
22612
9079
32098
9201
40285
34471
5268
27825
27180
659
5273
7637
41926
23264
2175
39310
20104
2750
6263
45428
7129
2419
12753
9926
43970
1461
10629
35286
7536
35106
40703
38689
29267
12808
48949
29498
34233
7897
21854
34419
24869
39284
3765
10588
44385
48754
30786
43905
22830
31325
29965
33231
41922
8813
19612
46387
15285
30370
43078
48246
28197
39592
30569
29368
39486
15070
11899
6079
17295
29649
39287
49423
7054
14486
11065
15662
16963
38353
1370
49698
4943
20371
35010
40142
9691
12051
25452
47120
28752
38720
26152
16305
1691
47973
11403
20579
17406
9075
23123
35017
6090
48001
28319
40340
39808
22280
735
17119
7051
40771
28238
46314
29932
28879
37610
21734
49205
34996
13954
42327
40346
25342
36756
31856
12992
45531
13998
40054
39298
5752
21834
29059
19896
14790
13808
10802
33975
49311
13476
21675
13714
16424
190
48782
27906
7322
44700
9583
10857
12878
24310
39686
44623
2716
44703
35934
31072
12032
25470
31746
42789
5942
8558
33212
3123
36969
7959
30174
44829
23838
10051
30214
31431
7375
20704
13518
22579
4987
12322
19809
742
24144
24375
39391
33382
36023
10951
35564
34251
41703
49483
14955
6014
25892
47130
35787
35236
33402
27028
8140
41131
33513
9422
5991
47343
34858
2264
40938
47684
39373
22245
7472
27485
34380
40487
724
17120
5230
24370
15332
688
40089
43735
27337
49580
10077
11755
12497
5695
20021
21432
9635
41403
16386
16641
20942
33872
49851
34725
8801
34928
5450
44260
22209
33419
35857
25778
23321
27800
15554
2397
831
