42371
7849
21775
46840
3808
41893
3099
13781
45059
39222
21076
4467
39814
17289
3404
36051
40678
25641
27398
35901
16981
32702
36127
41496
38934
32619
47897
31214
7568
8111
42809
4766
9463
18865
25900
34585
30630
32075
42869
21583
11728
35359
16334
9309
33018
23668
7001
33235
22464
16606
4310
13944
9549
1964
32127
25124
37570
30929
14699
29984
3724
29650
10402
24253
22482
13238
47646
4136
40031
20622
40706
41613
36940
40003
44011
7208
30396
17209
36803
14419
16247
18413
32191
5453
19959
23625
47184
14411
49939
35875
41067
37895
22867
19040
46032
12870
47558
7239
35062
39891
22409
27896
36113
25837
7829
46631
14374
25375
19207
34790
32334
44855
17532
2765
10446
43637
45668
27651
35018
47870
28729
8383
44426
46917
21300
33095
16056
43162
16465
183
31571
45142
23741
21419
28903
5702
45905
9067
11714
12679
9472
34804
35907
503
15350
6037
31254
34488
23585
22611
19924
26526
14333
7632
9581
24665
36956
31941
45622
25190
32349
16822
12377
29415
20879
13415
34041
2901
36966
24399
26228
33285
42826
18454
26820
19974
44810
46421
23218
49629
6950
10002
19170
39734
2081
38232
25200
33920
43710
18705
7403
15055
9704
10093
35755
20344
22781
46707
43941
42565
5548
4636
20898
37332
23329
39475
37816
21850
45922
43788
8090
41452
25010
43621
25919
48714
33026
35774
42668
26557
17684
15568
28152
10993
31720
13088
33145
26382
20007
15678
12177
11680
43702
728
27812
36846
25269
44995
13280
17125
17795
44198
47504
25361
43658
292
47730
9863
21872
6264
39848
18465
48922
39365
40196
21289
21795
41315
11143
19558
37916
23713
3833
23008
19978
26982
6055
39256
19277
47846
34577
16256
36751
9371
42811
37673
3335
29122
2894
38085
17269
922
34990
22333
21379
44303
33628
43025
43582
12013
13390
39483
44559
32115
11597
93
43937
2069
42391
11321
6703
1733
22643
4865
29699
7874
30417
44867
7799
27802
48790
3468
662
44144
3671
18823
20645
24713
41423
20426
40888
16128
9065
25409
21878
5057
44386
44051
6408
15747
42261
21037
12438
7153
24659
29106
17144
45734
24507
13344
20693
12362
29065
35474
20265
4527
16029
14165
13274
759
5438
27446
12224
8952
26166
41292
6440
8779
14733
46678
30496
36196
21691
24149
3289
840
10367
43312
25586
49746
39031
19578
8084
13273
29670
40526
1449
21487
31932
4344
27969
48942
7399
42232
41237
8950
22266
2456
5908
46662
15510
9794
5556
43240
6102
5138
16135
36389
34276
31100
10488
27389
6799
32144
5986
34434
31163
7454
35692
1234
3637
45838
11250
28071
20840
11457
15547
179
12413
27584
1097
45787
39803
11280
27706
8534
38828
9312
3736
566
19714
41729
2052
15522
22724
35347
11347
13889
9033
41530
39837
21225
36677
12053
