2863
43330
49883
1420
26436
32402
1215
21804
15848
5578
10084
8851
4454
21041
44229
35813
26835
38333
47465
8148
39139
15260
9310
13905
18072
20498
41917
16564
19761
12166
20678
36780
44877
46438
30909
2286
14061
12391
35666
19730
7910
37965
18305
42968
10542
8666
6826
4509
21186
12337
12579
16268
35131
870
26542
3082
11802
6132
13122
39847
47618
38390
32994
33255
22375
39277
33250
15266
39005
46085
12676
37827
48874
23603
30027
30537
45187
33462
14351
44390
39081
9738
11760
1084
9092
12539
17380
17725
26625
39092
4212
40616
37312
972
1825
44727
10296
43059
940
18826
40342
36415
35475
26635
16667
3012
6930
38123
48744
33376
41633
11073
9523
48136
46217
38797
30892
32758
33915
45699
42356
33884
29261
36483
24675
4733
14591
12314
34191
26890
25384
26421
33744
13772
30152
30976
6396
3962
2328
1474
29804
10793
42197
6302
12141
9993
6319
49494
22273
14294
9435
48529
44421
15328
16287
9672
47090
36411
35015
39668
671
26671
26963
47942
43731
22346
7345
13896
34490
20470
8347
41146
8340
47574
34275
1450
21946
41975
23104
22306
46766
31224
29492
41705
1402
