3425
40667
36401
42396
39640
1840
27537
38740
47827
18445
13444
6187
44790
1876
25648
47760
12372
33940
44274
15700
38262
23566
23809
3897
34305
15541
35085
7353
160
10428
14287
4796
8178
23220
31247
47014
25569
23706
16317
27897
6725
260
5849
11464
13385
44294
28626
17773
8869
18606
5671
35310
24616
18732
39459
30233
13737
7654
27854
380
17654
35812
7127
3630
14758
45630
12064
44066
30240
11580
38656
7647
45837
30054
22760
44617
19807
15680
3242
28507
9589
38430
24098
9182
35188
16891
5055
48794
35492
32133
361
21341
3395
14912
43552
24778
36528
4147
3532
42461
40814
28669
23465
25979
22031
47005
48227
28291
37009
41632
2718
44568
41386
8454
19378
5554
27722
86
46323
18400
39484
28328
22911
46547
11227
14127
27792
3924
42813
32224
8450
28555
6734
37707
33058
44095
19391
17049
13935
9971
28382
22351
43431
15369
19886
22862
24641
34615
5711
26753
9894
4311
11635
16854
22069
25398
2117
3807
4593
43141
46534
33502
13362
12604
33252
49463
28990
37004
16867
41932
9441
29717
13208
26726
37961
40206
46167
32361
42452
19979
20078
6998
35592
30275
43550
23000
43257
32131
1819
39909
7374
27961
25657
32298
37603
10943
36204
22262
43332
41866
2484
17404
38644
12016
9269
48250
21507
38374
17559
6590
12706
14732
32420
46396
38160
16002
19951
34894
8404
4067
29101
11201
21949
42838
14025
28216
40261
43995
14540
31123
4570
47383
28108
31818
23835
39425
23215
11705
49046
40879
38886
14522
21265
25210
3362
13172
25233
19147
26282
10985
48498
38838
42486
2283
7990
21134
9792
38394
44721
13877
25999
18812
48669
6182
40399
41176
40212
46877
37142
30288
20189
9888
42165
45224
33707
9264
35283
18997
43441
25527
26626
18789
24189
47877
48470
35848
3984
49228
593
24727
11237
32194
16059
14017
41051
24292
38146
43968
12524
3609
41006
37315
4433
15811
40925
34373
16540
12648
46488
21277
3047
7944
43090
18838
17979
43081
20299
11909
44192
10537
24880
48214
47394
24524
28449
42105
37539
1201
14967
20872
18281
1266
13762
35448
20217
1959
22707
6623
46950
27540
10897
31181
9548
27132
17484
21281
5612
615
45223
4799
36612
33924
12871
10552
34919
46941
42975
25177
40341
34014
20152
9876
32601
8269
18155
39538
246
5357
40942
33383
42712
2628
4828
28459
44028
42221
27589
37940
37266
27181
42578
43247
4830
41336
22066
44708
4472
48788
1451
47215
27955
29494
46843
28116
4922
35997
4448
34753
32981
24631
17742
23205
49780
35480
38990
30567
26916
28735
31507
8296
7385
27054
37325
31381
12760
25767
8280
4356
12
28106
47861
49639
46860
43029
23337
18799
21778
15001
46742
25346
19265
22536
38603
39020
34562
44483
622
43368
45306
33982
19537
390
929
14961
25440
42617
36994
44791
35468
48490
3790
28135
31207
43685
31687
38543
47513
44001
4099
48123
37764
8203
36571
31752
19022
31273
38273
48833
40684
38531
21644
41833
40704
17035
19618
49305
32675
26775
44422
45591
32347
18220
13619
34876
20880
40116
24812
11811
31102
9354
47455
37807
9883
29833
11623
6747
13782
40833
39032
42381
40067
40660
46732
17685
44759
22750
26585
7841
40069
23496
19186
29902
14741
21115
14053
12396
10147
822
9559
38674
14808
15729
9219
16063
43304
38223
36603
29220
28213
25605
31728
20965
21942
7550
41430
10869
47325
23108
37213
28126
16829
800
6478
48047
