12090
41151
14897
15108
10592
46423
20509
1676
1623
5881
6377
30785
1672
11454
9927
24391
10264
19298
41222
31165
10004
48323
45216
47362
29010
43313
11689
10820
3737
22388
38817
49605
26993
1763
18747
48142
29893
4380
24271
42725
35074
20253
35429
29505
48915
21175
48439
20538
21576
33467
21165
14552
44657
94
33225
27593
49458
5644
46669
34720
41193
2975
9800
35363
11242
17510
16409
7591
48537
48201
46979
27733
7481
44694
2853
41265
46169
2800
5112
27536
48244
14701
34330
40472
46833
13129
34047
31860
47084
48416
12132
23672
11595
29841
3989
14867
31362
47852
17955
434
21797
40894
35395
45530
23579
2792
42876
14859
35289
9562
43244
48852
9458
21570
33943
18895
15659
24164
19152
21019
39017
40583
19863
26845
30837
38698
8977
48655
2648
9864
46021
42806
8483
21807
5395
12700
29013
12048
49601
12443
27931
28958
30633
4264
34957
33047
8146
15621
13975
2225
18600
23704
44962
32441
40416
1010
722
6299
19913
16390
17842
7418
48239
47834
4705
6711
32839
19028
27963
18664
35306
22242
40137
7646
23569
42830
20862
27819
21352
46870
22668
15226
36647
41434
9243
17126
17692
45231
47781
11353
46415
36813
39181
11505
34119
34261
24953
29034
45565
47856
22480
31729
42670
34194
2049
15861
10596
30684
26933
44732
12935
15460
46278
13364
31949
5318
24957
48677
34802
3571
41976
30459
11691
23375
32733
37287
27082
29027
29668
40152
20478
30461
14008
23158
46830
12951
18632
42054
20770
14383
29631
9646
19075
4945
41868
19711
38802
38885
40990
2452
21928
28010
5687
30835
35967
38679
36142
4464
42603
46720
27154
27569
46900
38043
960
14991
28416
350
1716
44234
12025
12204
39123
47196
48795
31882
46463
48417
21140
28149
4549
33621
26893
26989
43523
8264
28896
40766
26088
40476
48934
3049
753
6903
33105
47301
44612
32291
48562
14013
7735
25297
36421
42736
8409
11483
21154
18911
38312
42882
40145
10031
37491
20928
8974
6092
8697
10409
47816
40403
28522
1864
28156
11027
38895
32491
17662
36487
23485
45532
35498
32337
4594
9521
17608
37842
31872
15394
33813
26114
14279
42177
47623
47675
48036
32998
43936
29170
13748
33476
42961
48554
34474
33750
49263
47809
17737
42841
44452
44447
12162
36776
28796
38760
49258
38257
21836
47678
37470
20951
15978
10591
24535
8520
3676
9895
14710
31501
6547
42995
33954
11356
9297
44705
6562
21742
32089
6948
16150
30400
40410
38530
17727
11107
32971
48266
5482
27805
12606
31392
23046
8185
3346
39186
43439
32395
32783
3721
10186
29685
27828
47015
24075
9543
21327
34934
35853
13005
9735
27861
30338
1839
45438
12243
28951
1968
28846
47502
34561
49376
42746
35127
18718
3131
5417
43982
29148
26184
23049
17689
42412
9235
36815
23644
20566
31884
17379
30855
5575
25504
17428
30262
21646
29485
40702
24220
29445
14874
19697
11544
39567
34105
5263
42494
39288
6274
16908
29572
6945
30467
27715
29586
21512
2315
44524
14338
18242
22878
24113
48701
19749
18774
41061
29922
24673
30473
12966
18444
4293
43924
5851
27289
23019
30402
35376
1219
29458
23762
32769
27126
37925
47079
903
9784
35616
6156
37852
31978
29112
21975
7634
30984
629
22515
35187
48035
20380
44523
40155
5763
6871
15897
33588
11509
4982
31788
25625
31044
41670
21382
3574
30256
34309
30359
12021
7492
15127
45646
40175
9944
17881
14505
7468
39905
30804
17021
46142
21148
25242
16852
16298
11852
