36565
23725
9829
6206
25532
44179
11818
9423
24243
27564
32643
49773
13529
44479
20768
25424
30757
42318
38492
23331
29385
46999
35462
1881
34136
17387
3560
49644
33503
41974
49554
33133
1855
38924
46763
18089
36468
8439
19521
32325
13825
35705
11584
12252
42996
15854
23555
22247
13608
30873
42310
18672
9643
3541
32434
20215
22285
24987
47152
28259
47128
28794
26607
36346
12239
36597
39882
31470
24148
36257
31218
49544
6990
6650
18711
11664
2542
38661
42820
15656
39217
28966
49342
39299
12045
29542
36137
23548
34936
31400
46246
15673
27834
11849
48391
39506
20581
18432
24843
1349
40928
15269
10722
981
35989
6025
31851
48499
36875
22718
25224
15752
9266
6825
16283
9340
31059
27447
26986
31754
4807
24941
4029
6070
19314
13401
44465
22634
38717
37389
44161
2500
12417
15099
13452
34656
45770
27468
41136
25489
48676
3069
40778
17158
37205
43408
11837
37914
9627
42004
18481
602
9327
31028
43269
17706
35051
7235
27656
17710
15465
26876
26709
40700
47288
26810
18768
41548
34383
20634
23880
15126
23947
2987
45753
32314
29128
25001
23177
33286
4832
36347
40752
38081
24046
40224
22798
38627
19431
40806
26335
27989
1761
47913
5683
30711
19456
19842
27928
43554
7122
34300
13447
1922
14370
45236
3378
28395
45347
34066
36636
10577
35925
46743
46135
25983
41085
20915
2508
41311
42460
48329
36405
43863
34944
27632
45973
42081
26061
7802
6284
33759
9004
3959
30118
15493
19187
36668
39366
35745
30090
33839
22525
49421
1892
24993
20405
27509
9866
21159
37280
42464
11131
22097
22493
11654
37294
11613
43717
49381
2560
30649
28337
44325
22363
16935
9080
31393
34810
34089
2964
28381
37037
14158
31396
24860
1484
11436
26111
24884
30503
28465
3353
29187
36945
10558
20419
18582
19089
18714
13179
4101
35707
23399
26648
17195
28580
13490
66
28594
27204
23729
5660
32856
37202
27405
22655
45434
13196
19847
14983
13021
12516
22937
44151
9816
13898
43503
38668
18111
20715
21002
11196
30803
13127
8789
45424
14615
7685
36109
27974
21731
13091
26158
8132
48919
25885
43871
26891
27667
41523
1121
32743
23942
15728
41727
8314
46664
35024
13685
341
46616
44259
2827
42349
18379
9605
4199
2622
22952
10579
41630
9949
9046
7581
47617
4737
6242
19312
9571
44935
20190
27520
12977
33490
18592
31936
21195
45451
20759
8247
17198
32019
706
44252
48954
20932
38359
33031
24512
38495
39999
12491
45651
34368
25988
10836
46770
24723
31108
39823
29355
6869
8727
14669
27002
19533
4752
19077
45416
6894
23910
18404
18556
36518
44076
15148
32923
47974
33367
8970
31677
36175
35219
5698
29432
40038
45128
44536
45968
1801
47859
44619
21615
32487
48691
1976
25076
11017
37091
38559
40350
802
23471
42874
10332
8610
42782
48395
5704
29934
29995
26229
25377
45057
14349
36701
21237
18235
49395
26907
12855
11959
37034
13890
4684
24497
4523
24073
8113
47660
23357
10055
49619
1541
43336
26473
12037
20441
13486
45929
42672
20752
43642
44981
21073
46399
42453
29251
37794
3142
9936
38340
29936
44019
29442
2040
22411
14029
8138
42935
24744
46976
43033
42250
21919
21157
32452
31241
20180
12138
545
4929
17416
27875
7422
18447
11688
8735
36953
18998
47656
46811
20066
19021
11998
4951
39152
22476
11252
15896
21177
32407
21868
22270
29519
44520
26226
20323
33049
