13209
17883
3281
9162
10317
46096
31573
20073
31958
34262
29139
14653
13837
42252
39110
46379
17420
19137
29327
14086
43776
33317
4370
47284
4780
14823
601
8253
10781
39845
25017
4572
45797
37708
12904
29190
44534
3834
43548
46795
3312
25974
18855
41956
10667
10189
33977
7026
28487
5354
11906
11674
38935
271
46708
6416
43440
26660
31056
22486
22712
2877
26492
41672
29258
33349
47741
23509
26321
28322
25143
44774
22144
44211
49208
39354
7526
47126
12555
49783
31169
15756
42987
32114
27083
8619
38165
14254
41228
32996
48793
14914
18096
1072
24405
42917
44139
432
26071
6622
25238
5727
38459
26169
15784
32173
29158
45932
20428
19908
48287
2190
37257
43442
23184
27226
1666
21266
43329
25052
47303
8942
36807
36398
13219
7479
8014
36337
20228
10961
15018
16941
38685
18923
39522
597
36585
47334
22725
4701
47457
12097
32507
1377
49433
39919
10619
27658
12562
18554
11414
44122
53
36350
31498
47034
22964
42512
29598
913
41573
34833
5864
15259
26240
16282
40580
37519
16365
5290
17932
25388
42488
22000
9974
34649
46579
8585
38765
46026
14501
18625
46417
21628
10465
18066
18572
46265
16493
26208
20825
2907
15106
16604
20983
189
41145
45414
8651
48834
8475
24735
38115
6628
25367
3742
16509
12897
22840
8806
26517
33819
43036
23893
6566
30566
12478
43713
25668
19963
17390
6205
37313
48346
33337
18515
24145
34459
25520
31589
25450
34220
37823
8513
21725
38811
20742
38761
10633
31089
30839
28621
12560
23543
4946
25680
14618
10922
43243
33953
41444
1941
39604
2621
33012
42652
46451
16968
47094
19360
14596
35499
27644
25780
40098
13015
38477
10920
15865
44476
46974
32205
10361
14000
20226
27424
32892
24274
40572
19933
3942
23376
6732
854
31069
8425
39921
10668
1674
24625
39982
38196
43297
9352
2507
31025
10454
798
29875
45489
39493
4904
16513
24325
28480
29482
34711
16589
30937
48331
41244
40876
45635
43639
34104
43170
27413
30565
23658
10998
47669
49720
46538
9666
33458
