39038
23523
24854
43142
21566
18991
38219
24805
49101
42072
27160
43790
33170
26694
40187
20904
19289
17657
23814
27562
19009
4289
8568
42875
6367
34429
18126
3161
10149
37494
23659
537
42724
2063
45091
34313
13810
28840
37384
3046
5146
16514
23606
27793
23043
35190
5272
27559
48272
34764
27256
24800
47041
47677
26480
38306
20799
49072
45698
25945
530
17106
5468
2897
26048
22701
33614
28839
41475
25765
34278
44719
12167
48803
20294
26130
15779
28496
5867
26212
16492
44954
40533
21319
48824
32276
35334
16632
28027
46035
15181
19580
34724
37211
31173
108
15710
33114
908
13217
19181
37456
26355
45684
1694
24238
44470
32329
12895
28765
32770
