12532
27443
24382
1039
41206
34679
42843
12182
47104
25623
2555
48527
25959
2614
33974
596
29045
44003
13793
36643
17369
784
8508
32280
9355
26309
20868
20895
42960
48808
21346
47239
40063
10236
18876
48317
22875
28524
6113
20096
4505
13805
43793
16242
32676
41837
12498
49625
12959
40966
7119
31751
24617
7567
638
22216
28160
13818
8693
44780
33041
40880
49521
21711
2985
27219
45642
49968
40427
7427
2704
32101
49831
17199
15427
404
32208
10583
28427
7260
19868
31034
24303
11568
11024
23792
25968
34992
33027
2474
45480
4443
44712
33534
18607
44231
39323
33390
14753
3466
38848
20051
42626
11422
41491
42708
40728
12143
47866
18842
34370
28404
10540
33712
16639
1099
9295
9161
29662
19357
4157
37214
42146
418
18300
17529
41478
24582
8687
39128
24762
28570
42529
36201
32658
35464
33452
22153
40328
8245
12398
46059
40000
14869
48176
37382
18247
38098
25449
44410
12286
15448
33183
30451
23862
34544
7501
48167
18115
2629
32283
389
30373
35882
3733
45446
3454
43212
12434
15327
13562
36104
32196
27511
7813
12272
1783
3566
30637
42807
3003
24515
8663
34888
43147
4206
11314
39306
6126
182
10219
14894
19831
6982
18655
41835
38205
6451
36269
7688
4174
47863
15609
21822
28171
5284
25593
12614
45563
16730
1906
40764
2491
46689
38832
33232
43301
1893
29233
19795
6497
27572
22722
36371
24076
38664
40919
11277
10165
5116
14186
18419
29785
14746
40686
19500
19125
2811
14172
14985
39879
8555
1007
42735
44354
22882
2980
32256
43324
25300
36727
35
32541
12707
15273
16481
48847
9739
12643
31468
21770
45339
46726
22819
36174
15298
30729
1359
30335
17752
49510
39260
4023
16616
24438
47429
26869
32634
1208
