27112
40560
37686
28528
26120
35266
43394
26350
13534
20743
43580
14267
19837
45615
18179
34962
31774
36662
14392
997
8918
9141
41115
10282
10271
17605
42707
4319
14182
38427
19031
22572
34727
44223
18105
17766
13920
37474
5844
31705
19304
38833
24276
49904
2864
19639
31918
36879
46615
24719
6787
1390
32591
1485
18100
14194
12785
22343
34432
34502
21982
21968
45289
13946
22768
40659
31750
11534
3690
26027
24126
37666
36015
12629
13466
13838
26670
12107
29561
31500
20326
44353
40890
47916
31547
37410
48429
7287
30375
18032
46709
7296
25236
8197
16172
42518
23473
15364
30978
33276
33688
28272
31216
44087
33925
22360
1070
34542
47200
17324
41030
25321
374
17931
26617
38702
7152
36582
35538
28924
13147
6851
15225
25607
46893
45300
27254
22494
49980
43239
9808
8379
5233
4556
19702
37533
47408
33831
48531
24911
43701
15425
32862
9225
29889
6896
28648
24546
12792
24297
37990
10966
44067
28960
11736
42030
5706
16024
20486
47137
31320
23676
30600
29761
3330
25872
30228
6479
2306
18449
41951
3364
28816
21127
16795
10530
21067
7615
20462
10627
45019
38508
42654
48220
22344
49778
35536
32712
27068
43276
20160
15693
7509
3649
26076
23957
1487
44963
1468
14266
9665
6337
11324
1720
15453
33201
3296
33002
39776
35767
42397
27585
30075
14698
8691
34372
46717
20434
27431
16412
40532
23088
40272
16748
32307
26356
46388
39558
6024
9868
23993
31908
35103
45401
32202
18458
18079
7796
3816
45127
27129
26612
27617
18376
22116
25314
16655
44896
10157
20396
11519
8836
14355
39793
17088
7300
23643
44099
27587
15607
44467
5259
26005
20735
12947
8042
12418
36568
29264
21528
6159
36725
33483
40481
37786
29
35503
3172
14673
2055
10133
9125
33598
3504
40185
2182
1000
1875
46002
10241
9535
16102
16745
7788
8627
30121
17896
14291
7380
23950
45898
21270
39347
26381
39700
32492
34866
650
3192
33540
17622
1509
8507
1297
37754
47957
310
7641
48698
38414
3377
27288
41941
24664
48034
35133
47902
46106
4364
42200
9598
15600
36764
22278
29878
36437
3137
19623
46589
6499
25275
14365
47858
23148
35290
48565
32616
40987
4926
42062
36358
40009
16502
24001
28795
4403
2337
43645
14683
11047
37223
35560
30903
46940
38316
30614
32872
44593
8445
24063
24649
39761
47203
17204
14313
25583
39653
49129
36650
1684
3104
46188
36849
49717
21839
26896
21296
8636
2019
18946
45282
48251
22743
3633
15974
44044
16032
26834
3129
21980
35836
13328
17961
12040
28926
34973
18608
6298
17930
32825
45758
33634
32188
10396
26489
25080
29778
17926
33482
10013
42278
3260
14871
2984
25345
678
27120
28352
21989
45213
6575
39754
1251
39528
28657
649
22889
2454
6009
31946
20094
12165
5203
30529
3007
26145
18780
25542
46381
42795
43019
10937
37148
8862
3484
41605
20659
25126
46335
42070
2266
45621
25712
49955
24478
22505
32506
10083
8194
17738
9245
48356
46486
39049
49563
12754
47583
23396
41598
31130
43824
44103
28232
4211
27255
48622
24943
42435
40823
39245
9333
32939
37750
20387
43130
36799
19887
11064
33587
26579
22801
18183
29640
47236
1983
19906
2753
3985
421
47077
20333
42845
13309
12422
19512
4019
19835
14935
4990
48436
15869
49997
45317
21231
45154
19801
38484
19451
26774
5792
38898
25635
38415
23150
5626
25760
40193
20447
9528
46446
3207
39796
2106
6488
35324
25096
1296
9259
24555
6365
18055
22393
4793
16460
22288
25544
34827
21334
48989
48405
34463
7406
327
47248
30706
22856
38733
29807
39582
6676
38584
2401
29625
34412
18508
28226
11587
43501
11721
40446
37697
43527
35695
5510
16505
36805
22123
26781
33328
8064
23256
21550
46849
43267
20267
45134
32204
1386
34274
38682
25039
22410
40944
11239
3459
34091
16672
26780
47030
946
15014
3941
1952
15113
24087
35167
7474
35400
35069
34055
29402
13789
38896
24128
17124
33008
11775
38597
49658
46652
42639
27057
395
19435
46410
25958
34519
8961
44077
6348
41332
22623
18886
