17597
46019
43187
20553
5993
21895
1489
13352
479
22809
24026
38064
47946
18720
3032
35270
5987
36886
30031
42335
49185
23039
35941
38220
41637
4849
37300
24819
36616
23815
26584
17550
20260
1494
9071
29252
11699
23033
37636
4688
9953
18322
38311
37276
20881
20542
2334
7392
7264
18340
43800
42948
17154
42945
6517
15524
43653
1062
468
23667
8202
4707
44322
29828
6363
44342
9830
22936
23476
14297
27810
18716
3381
1729
16637
38565
12271
22654
24939
42040
5696
47639
47193
510
39415
44377
10551
42103
30269
42619
21941
35570
103
9706
14893
6929
45885
10714
2129
10893
46311
29021
575
37089
1086
45227
48093
37866
47723
20067
24299
2290
34324
34101
45967
42155
12976
42580
25279
25485
27686
2504
48569
49158
17187
32274
23693
49561
19295
24785
43535
47599
49866
13856
3523
23345
18575
16031
41911
43120
42700
43524
32832
32696
13835
49607
25523
40483
43108
47066
9208
30611
16435
44698
26880
4069
49461
48495
24179
5513
49418
36265
13993
49182
43184
18392
3835
40014
7002
40843
6554
29349
32805
33279
15152
42852
32921
6265
20524
49715
25899
39809
38727
26306
37541
14639
7773
33791
41202
5946
34287
5664
42037
11008
11235
45479
41532
7601
14091
36289
42411
38451
18289
20129
21916
1759
10842
14970
3262
8686
24273
14122
18723
30999
3869
36121
11939
33138
24402
17457
37357
30549
24938
20624
41388
34940
43856
39762
12387
14346
2781
9163
5531
22872
3369
39683
29830
47351
46012
60
15213
4424
1942
26248
4479
17098
46023
13342
1089
10343
25408
39264
46624
33340
39857
27786
47571
46107
212
39025
11055
17538
6663
38086
33408
22073
39172
34009
24720
5300
18487
2142
7624
32972
35596
32792
45721
41513
49251
37057
45385
43722
2394
29619
25348
40896
38006
29174
6407
33033
27319
1548
45252
10146
5009
36854
16258
25250
6614
17485
47593
7048
36885
3745
2682
