41973
41396
45555
38560
42013
31616
9188
5122
24074
37374
43928
2756
33732
22658
49681
30454
3701
6834
2527
38967
36253
28955
49438
30584
42170
47487
45959
47330
9101
35738
3823
36623
17796
35751
16495
22913
38243
46537
3148
26770
27148
19630
3634
13028
42389
12394
46233
24296
26684
30968
40159
10962
34414
15517
29974
3739
42946
153
2365
4749
44999
43173
47605
43879
38919
27035
21235
28026
47407
13038
11141
44616
34783
25526
25994
36556
20430
9487
38200
49332
28317
33060
20950
36335
15573
10827
13506
18317
42834
6914
45047
5132
33282
27489
37906
15024
21035
8786
43215
24980
5350
11531
23461
37356
11441
44459
31996
12510
11366
4787
14735
32652
41966
7847
12184
12548
30517
7030
47140
46016
47363
5425
31626
21745
46653
9924
32387
4526
9519
30616
15856
41129
39730
18421
30415
1352
40292
46948
20205
9375
30742
16369
44785
1762
41416
6166
44859
39555
7484
35992
6854
30406
6550
3892
24111
46264
29195
1830
24319
40769
11183
25642
21903
19228
45144
11071
34823
40484
285
10345
34640
31593
24379
13034
2930
43385
1344
28980
18440
47469
23417
26674
2820
29135
27430
17956
8470
34522
5207
34472
20268
41772
39951
33017
17611
163
22794
20947
26953
16977
49703
6353
48114
44435
20117
26491
10742
34225
3893
30560
18640
35523
1641
33215
25650
24197
10406
12795
8295
42248
16413
35135
44540
24335
25123
47941
5926
815
34703
47023
26650
32063
2433
35003
22805
37715
13380
3604
20811
35191
20939
23917
24833
27600
42718
26565
39269
25100
20474
19588
14969
30329
44005
19475
35303
38318
31439
364
19383
42445
26025
24533
20777
34825
