24337
7084
31157
12076
42504
18505
16521
45997
3486
6840
41154
27740
17548
27013
21908
6846
9840
43013
35033
3458
14414
19586
7559
2457
786
12500
22437
13347
44493
37449
45054
48845
9365
46962
37977
14629
22524
32135
15337
42347
9351
9899
5517
22563
41172
17486
33700
33834
11955
36802
7950
22890
32087
33414
1607
22728
41625
27441
30769
22225
18933
41844
26697
9812
14693
44213
42730
26394
49952
33477
18772
39510
39740
37172
19226
20351
9234
17683
35547
41179
17733
28758
48729
36106
43292
12509
28351
41857
12699
19756
37440
39520
27669
7254
328
9368
15649
30602
4812
17274
40105
12063
29300
23583
8845
48551
42535
20906
48757
21202
33696
6100
12543
22540
1329
11329
8093
20876
13625
34422
15677
8366
23903
18681
44672
14237
32886
2609
25742
1033
5526
26258
13435
29788
14229
41449
21353
11877
47670
30145
23924
35434
8590
37643
16035
8354
2020
39223
12575
19720
28128
16017
28072
15057
10889
734
19904
30848
10919
49466
48009
9536
22211
21308
23972
4048
29820
28579
26756
4664
18586
25029
8852
37314
4957
39633
8144
29284
42808
24806
646
12922
46276
21032
12553
43626
31534
32460
9393
41133
12803
17505
10570
7734
39773
6564
24600
19414
27542
4018
39616
49882
2953
10614
19698
49244
36985
34478
32711
18221
31841
19038
17112
14456
42564
10967
763
21827
14680
15388
8021
18867
23683
37889
20232
36435
14627
9615
38058
48308
20000
47586
14747
34743
41464
14543
12012
28775
16417
11226
17223
34793
3785
29511
18094
18788
45793
35271
23095
38378
43337
18516
35693
23249
13681
26175
24279
45107
15798
2034
36376
2842
15214
34951
29979
19023
46905
14495
20188
11164
31344
29423
47000
8841
15022
21869
18731
11806
13906
4511
40277
40711
46145
33101
22926
29755
5546
24936
35387
11236
13396
6535
12909
11350
6824
30159
32553
16491
27190
10715
8482
2319
1136
48911
47074
41225
13796
20398
32149
3691
23575
37536
15880
38604
46947
9825
6751
22920
49687
49188
14651
32249
35700
14865
16934
307
29559
47279
6259
48930
18910
27614
18818
17860
43174
45351
3854
42073
28975
43758
336
23996
10582
10494
42567
44298
19096
34745
41567
7270
24281
37175
31840
27806
28398
33035
27940
36496
22700
14327
26413
21209
39571
11506
16027
14268
9889
47898
13568
38171
33424
11499
45371
7620
25701
7533
7750
41890
8309
27212
8809
16095
45265
31367
37917
46251
22746
9744
49579
4026
2545
24476
3955
28357
19005
