16325
32917
11629
33861
49796
251
11500
49012
33311
38909
17002
49413
17224
2601
1312
49392
7204
19740
31718
29115
12734
33984
27820
31905
3445
34982
22986
475
19895
26915
24834
46398
29556
14231
40216
31451
34497
25201
39849
33211
21405
13936
35887
18148
41930
35939
34288
26641
10089
3328
48718
32961
44984
42045
45286
35426
9843
34922
25833
34708
16571
35086
34134
25554
19102
20940
23595
44735
49747
30092
34988
41017
37988
32356
5383
1438
39309
24766
38776
4646
17243
19242
196
14378
8821
42121
15202
5577
4677
37950
12879
9651
32588
13143
48249
47428
43419
24672
6773
47761
11848
49815
14211
42420
27801
35866
42835
44660
3359
27608
45596
42214
49921
36150
35769
2566
36617
47489
32065
4833
2804
109
42644
16228
2221
33158
9877
42184
4384
26094
26887
13949
21888
7513
48044
4581
37746
41358
47650
5579
31475
44747
21510
10154
23877
34956
48766
42264
34378
6768
49752
22096
25628
9700
46728
14674
20721
30736
32666
19191
36508
30784
2396
2130
36488
16061
33218
30764
30485
10000
44895
46506
