46934
36403
12227
9952
38738
32975
25753
3928
12368
12842
45586
11518
8387
5447
23052
28470
36542
46136
28719
15532
26467
19346
33989
6158
18429
25895
48286
31669
26522
42292
44193
24153
12302
29904
24876
45209
47568
4331
36671
31917
49296
38527
2498
1884
34013
17615
24770
7824
6906
39547
13024
34867
10699
33316
38417
12128
16584
28822
36420
28202
40462
5023
35159
11752
29541
20847
14751
12513
33312
29186
22060
15092
23212
3076
48822
18627
13938
9534
20598
28274
23597
45249
18753
47043
23936
44015
17792
10942
40064
40437
3576
35819
24090
28205
15145
21222
9331
34729
21702
19074
29766
41012
17194
13442
28742
44775
15331
37671
40002
30081
38432
31292
7442
7996
34530
17677
29172
6742
8802
39749
15775
8360
25380
11334
19678
46749
4695
30105
16900
40397
16117
35139
30
43950
31874
48465
33319
30474
1423
4075
16773
22740
15247
29707
46436
18474
11089
4323
41652
47210
33108
20306
9575
41526
15773
21284
49160
44627
37773
36648
18621
34596
32379
45002
6127
20295
18698
25873
282
684
5497
39828
24853
34306
41363
2899
17087
39268
35612
3000
12761
26415
10281
3189
34362
