25510
26874
22526
7964
37362
15684
45666
6963
6527
33112
44306
23070
23963
35540
16675
22331
16478
28065
9773
19827
13118
508
26657
48921
10038
30868
11376
19964
46681
26023
32358
8056
31055
34401
17625
2483
43041
23710
29474
2475
18989
21370
164
13329
23691
26759
27698
124
20113
2823
27366
40817
28774
18889
30460
15082
17043
27923
22106
22771
7106
28993
10906
1891
42973
23318
41194
40519
46942
40811
35247
21584
12656
46202
17890
31652
40940
7342
39971
32554
1380
27852
45964
12367
21586
9102
37333
11596
1697
27826
22836
13424
30626
9759
25723
28059
28447
7541
42709
45980
1196
25754
46300
37736
9480
31472
39454
24618
16415
44854
30481
22161
37095
552
44057
22417
3407
6483
25881
22748
46243
6617
40248
47294
15819
21253
20797
35312
42563
45799
29731
44425
33753
21024
45096
24323
45924
49200
22763
16897
10096
38004
24878
6046
7150
24995
10748
2921
29819
11932
49299
21861
44224
17889
10265
7267
43474
5094
39109
30313
2154
24017
40850
20518
25393
14772
36195
9788
1516
30337
48122
23761
22472
19318
17349
41308
26829
402
24187
38304
39378
3245
46590
28168
37692
20713
4657
28425
41582
6677
41231
13423
14571
3709
42265
31955
20181
12481
15618
28420
21316
38349
6225
8333
17016
14860
49618
31527
20999
39314
21174
12449
38562
21696
197
27203
664
18263
32993
14647
13451
32556
20475
47964
32294
23927
49575
13331
33558
991
38156
16526
30113
16838
29237
12806
31830
16560
1987
1868
38283
37164
16572
44030
48141
23564
43279
45897
18740
37798
34318
25366
18026
5351
38977
37082
11502
5495
24222
4818
41135
48720
29242
42063
42239
5824
13678
34954
41223
28230
21799
44482
1853
11111
24361
41217
28764
23864
3953
13501
28287
9923
20164
24320
49170
21643
19111
19545
444
30823
42192
23677
46700
8160
28129
11192
33417
27098
16912
12989
42523
32282
11980
31568
7326
971
13530
35855
47322
21759
9320
47292
6546
11886
35699
38234
34440
15212
28968
48939
43172
24184
41070
3779
7811
11610
41341
2524
11786
22975
40640
1665
19984
32887
27429
43923
24295
27350
48324
26672
1913
47324
45514
11152
45233
4390
5180
31779
45262
43088
24333
44300
9293
39681
19169
31397
4679
42084
21620
30427
48864
33894
8594
43983
15234
29418
3776
10450
