28700
31365
30728
39643
41477
47204
5774
3039
18831
33593
49925
29329
47758
22258
9835
33535
44966
23709
6583
375
9220
18296
29124
12917
39839
9763
23061
39802
16698
6088
40924
34884
29481
45264
15053
41461
22909
29466
46608
13885
34777
3874
20047
7226
47910
3083
19953
16828
28592
41552
1577
21155
45768
32798
39697
12841
15946
40080
44621
12993
36535
20867
23185
32570
47689
38247
46559
6139
46841
34244
22946
37016
16001
47967
13076
5321
22821
16777
5377
47793
812
25719
44713
40062
18165
19511
4168
41485
46619
37593
28850
43268
27762
7197
32888
43929
3103
13615
1910
43383
26817
20199
6006
12447
18537
18213
28400
5381
35914
13090
17356
29939
41119
5250
18977
10242
2080
15179
10070
13185
4358
24668
48380
2226
26064
33489
49790
34173
45541
32001
22495
29660
22430
18944
45004
26051
49638
6001
2446
25030
33774
21070
3588
44972
18683
3198
4036
11637
18129
15027
22799
443
10706
37209
16113
48730
17294
2541
24741
11590
2265
22169
30181
39532
35238
37565
42703
44173
37690
41946
25511
26502
44743
45775
1810
23680
43484
43686
17270
20761
4892
4305
35406
23178
7200
36839
48219
2938
25789
3974
30489
44758
33473
12072
16382
37217
18685
23699
24230
34327
9795
19528
49172
30638
18809
47850
12276
44610
30293
32258
24657
48570
30464
38807
18804
28089
47359
10907
48307
15845
29491
24340
42939
25331
38065
48492
7705
5749
32179
47396
28861
34337
20826
36008
20455
704
40629
49259
31499
4008
6468
12931
18442
13708
32499
18862
18712
46049
33695
26217
41098
16574
49023
38141
34163
4778
12978
7896
26705
43561
40886
31713
27549
40130
48300
41302
27625
5498
25769
8226
13177
39817
29029
24057
26730
36619
30205
22869
21978
49909
29837
12926
18068
38696
48094
17541
45442
22703
16769
13292
30595
36667
26727
31359
6857
16746
21716
32710
8299
13598
23620
48951
29863
7467
34098
47563
29084
16371
44950
10137
28316
19339
33303
26850
612
31864
4409
47580
2329
38351
26449
42022
10976
24161
48224
49375
27357
44814
23243
24866
33132
40945
43691
31076
49852
20859
37141
45546
37166
18943
32218
25415
17309
4690
19641
26681
32478
7257
16529
16810
17236
33136
29286
24349
36999
464
2891
19747
16379
28199
31415
11203
5252
20280
22114
4756
21680
1389
10876
39675
48132
32199
9281
17058
5753
1429
28773
10045
6085
25079
32784
42905
11351
29529
21700
34968
13128
10616
44233
19224
25570
35620
43095
2657
14959
14549
28215
34676
26115
11737
20501
20682
44596
42262
38583
47441
22747
8204
31
14408
35052
38962
23342
41139
31775
26802
18667
46338
41283
42069
25394
1413
47786
36804
21013
49152
32965
6333
28455
40477
37182
3781
31821
14662
6
28430
16994
49210
38412
26353
48025
35728
49982
21442
635
23020
12765
7316
26619
21282
25259
4219
17631
35451
10374
29089
17602
27953
26878
14114
20061
25722
8041
32093
40308
47412
28087
42138
2709
44589
16548
31898
11368
34260
40520
36191
5885
8414
41987
24467
18800
14845
48355
17897
40655
14780
47332
18326
20168
36790
15338
28234
14550
7758
524
31045
26477
5187
46853
49786
49043
23254
8417
31326
18955
11650
13766
11289
40356
8848
9756
26525
41038
24782
46507
46424
32543
48181
37352
24242
15792
33661
43083
38800
12187
19989
22991
8814
19700
11268
49302
47262
27725
47127
6883
10576
18755
19070
11076
31709
42993
20499
657
32007
37529
49842
23086
38569
9968
23002
4336
34285
23081
6632
31837
44731
47934
27383
41999
11194
42205
2219
13230
39319
21862
45113
25060
28691
19534
9466
19815
8905
17092
30484
31346
39438
21278
35275
33339
25313
43341
21965
6352
31199
21983
11091
33375
24169
39487
47198
18663
41527
39768
38821
1894
41970
10311
2071
21077
32912
13958
23890
27910
38805
16938
8246
37774
27964
16827
1442
1404
6230
28772
8650
38393
2016
45229
41411
37367
6627
30307
40507
28989
10839
40949
40329
38539
42894
9439
25990
33405
787
36281
32897
11456
14077
23577
39972
38556
44764
37349
9556
45035
2801
10224
17432
14872
5966
40689
45284
2830
35467
7571
829
24415
30810
20633
25298
21054
8958
34798
3176
13981
31027
28257
37706
5809
33656
43622
43452
36215
1705
6723
38643
33970
41819
46508
44982
21792
38050
6041
33610
1497
19991
46654
26924
44949
461
36274
33733
14159
45503
22861
30655
47506
49630
30160
28143
986
19768
40239
12008
24235
30164
17838
46449
8648
30059
21967
23300
11882
29202
26601
21368
22260
21440
37365
39357
