5734
32239
17097
32535
35389
41287
1306
10645
44851
38693
28641
4044
31577
22506
2375
1073
45157
9135
38239
6296
8239
41394
934
18086
49944
36625
16466
13220
10884
10007
7755
9721
31570
37036
39843
22168
26345
12927
40151
40370
32197
27343
23030
2074
7668
41317
16389
10136
33253
12488
49919
26932
7651
44826
31337
14723
42972
12255
24359
7672
20040
20733
18461
393
26338
35304
48817
44434
4643
9008
27042
13809
33116
4576
19419
45845
17907
15400
20018
13590
44464
11670
6075
30371
22503
2205
2700
46010
17436
31524
40131
27487
9307
18769
33867
782
16227
28150
42741
1188
10615
39967
44338
25536
33010
7193
43111
44123
23956
6422
30126
10982
32517
44994
37984
34476
18320
47578
44487
24879
33522
35879
10870
12847
1479
40018
18902
22244
4041
2090
27983
45689
14786
8364
27102
10544
47107
23339
27817
22440
10380
25007
42051
2997
30272
2535
8432
25119
25195
47738
17056
33857
36957
19452
43228
21001
33758
45163
8443
20288
4501
44529
19566
2261
40994
33403
18700
15615
22853
46341
33566
48907
47854
48029
32628
8849
6843
5537
6544
7602
3577
23911
14296
14476
9315
48212
38402
3802
37966
12663
6538
3727
31999
37766
14207
9370
22548
41298
4148
43649
40367
21114
34713
29946
40878
49078
46383
24542
36385
33602
32171
3750
20144
49284
15525
12854
6477
29177
6404
11547
5267
49748
8135
1615
40124
41509
35542
8263
16949
31144
17086
48633
33671
26865
13820
47449
1291
40482
32560
27408
46569
44081
47748
34566
16579
34673
33926
12409
26688
48461
26417
17023
21217
406
3366
10143
25891
3817
26675
39573
4404
13168
30901
41165
34981
46389
43047
32831
25792
456
26139
27941
38587
4689
1446
28281
