3181
20034
1317
31880
13654
37817
27498
47192
3231
9650
1597
24746
30998
20045
42263
8200
36356
37395
38158
1695
30571
37614
37388
35094
529
10593
14953
17577
34176
8147
39039
14281
27628
36948
19501
39593
46040
46045
16764
44080
34633
15513
39777
31476
29937
3134
28051
49785
10205
15626
40860
37691
5998
24307
16651
18980
3673
9533
3957
2044
7443
41611
42474
44652
24952
33805
14102
44147
13013
42933
42463
15109
38558
14954
13368
49099
34674
13616
45602
47370
30659
6134
27763
28127
40821
49794
32354
6282
43999
11019
36817
29221
8254
34861
38520
41900
21163
47652
49523
28273
2120
23167
48783
45712
27379
15759
425
46271
1363
3795
15762
27601
35717
25735
47658
1130
2050
42833
39806
16892
47168
30227
24186
26606
39709
32417
16923
15717
42206
10752
47601
24994
8351
15818
26418
14233
6309
34943
35518
49989
13239
10500
49242
24756
23661
38959
20279
2813
47977
19599
13926
32528
40841
28142
13764
36646
43379
14968
39101
48404
29514
20992
1599
2791
37948
28214
48807
34024
18119
26054
39122
26253
1524
12846
48912
21247
42128
7690
29330
21162
32631
41596
30356
41899
866
7465
20044
33798
31289
40208
8492
14499
26521
19490
46760
23063
49080
42867
48621
34039
4518
15245
1060
39418
28906
40916
41071
13660
46782
34246
41940
31608
13330
30723
30399
49634
43742
37203
5215
10728
19604
43804
31738
5585
13461
37322
19788
17445
8525
18414
23830
10338
23961
32392
41512
42793
4524
32964
34969
18623
23707
930
45848
24661
43872
22651
4750
46080
37618
16212
45912
9288
28605
36378
39557
6322
20772
3282
9191
16928
32602
23592
43891
9508
13610
23141
28692
48267
42336
28114
10661
15086
44197
34118
30507
1724
31040
40799
42404
17523
26085
13393
48819
47600
47537
13741
42454
27769
28312
34722
44564
45185
25040
33296
26095
8467
10522
46116
17347
42438
29712
28180
45076
13549
1655
13550
4408
36352
19662
36085
35781
46876
31200
35374
29332
4918
4694
15996
47562
31275
9933
6135
20105
49287
21252
35161
27390
7498
11726
41078
26961
29521
5542
19885
25003
6580
15120
11026
6294
12913
7956
43897
49756
24491
14575
35778
41383
37828
27427
20151
8456
26172
28843
1285
19554
4607
37993
21143
15124
27747
19932
6384
17345
5204
1556
8005
26766
40074
17275
10759
14487
7037
38059
16875
14558
40976
35296
49772
34479
26991
10642
32147
18953
22064
11428
21172
42039
14503
25865
42394
11395
6334
3908
41451
18559
2355
40663
21452
37949
4076
4560
37201
13878
8633
7236
20800
11615
20516
2263
42745
4907
8433
30972
33345
20725
46402
3494
27803
36492
35392
11695
4714
49397
31963
23414
