32875
12867
2604
6698
25972
332
20722
42660
15832
47453
4097
8103
47019
32638
2913
44312
31924
6500
15322
4196
34744
32410
26466
20463
48403
24826
15583
38880
16590
36379
38793
32915
22640
47454
48078
39068
21530
17803
11311
47906
19410
39600
32169
8027
11767
36826
23742
10548
39764
20856
42706
19838
3227
3038
25036
19772
10243
3360
46863
45535
48734
6593
42992
35008
7370
24486
13806
14258
23505
11779
21901
29040
9702
10459
329
35981
37369
33833
20729
18114
38921
36827
43360
7748
2543
47071
13302
27012
43747
37905
24934
16357
5717
1267
30326
24758
44917
944
5651
27440
35863
45053
28410
26951
7321
49670
20363
45558
16689
13201
20629
25756
35447
12735
33204
16578
21275
35327
6080
39530
33764
42226
23716
31272
2565
8990
10840
7650
13116
15063
28673
6856
25355
11918
29431
48984
24211
18491
6315
28007
2916
43508
41522
47686
35253
32435
10702
37598
18547
44697
5887
7224
6181
6509
30743
12783
25669
22297
44836
24670
16374
30112
29657
15610
47542
12426
6667
3550
12249
5959
9005
19112
34741
27507
11134
5149
28679
15244
49649
9459
27633
4349
41232
39148
24380
15879
13561
29602
2460
41880
48297
23639
14055
21761
44579
13173
41961
19779
49234
38852
18057
38015
30163
41366
11429
4925
17996
37753
21960
28678
6255
2428
7195
38434
35031
32074
25284
864
28488
4235
48681
35487
37117
24034
27239
34008
48955
45743
20287
7184
13992
28707
13577
44649
36540
33478
30745
41757
2489
15441
22203
13855
25984
32671
14579
23584
46159
38533
18578
17123
22714
10472
26831
4345
29557
8583
