29295
38588
41324
26598
35251
30185
17997
45686
20649
7991
34803
35589
47073
44766
28309
45436
35829
31464
15424
2933
11014
21040
11682
40026
44971
2971
1
31422
2868
11397
12416
14957
29673
37397
22592
14911
17593
25553
45135
11693
44958
35841
15722
11224
25271
29913
25128
32422
32878
46109
35600
13071
45069
15670
43952
18226
34245
37836
33626
44724
38892
21427
14910
13270
38635
28360
15703
43052
31473
25330
8548
33962
45194
10387
47080
11712
21545
30340
40835
13163
30930
3418
21095
47048
18871
18678
38654
8213
41326
42592
2212
12065
35768
6803
34728
3497
8190
39422
9319
30425
49166
37885
12260
4711
48966
28335
17619
3805
9878
33916
45640
6414
33404
49317
19755
9396
23192
28516
40119
9964
45218
49975
21977
14697
45783
4490
349
7916
222
14986
33768
19918
4229
34773
33845
41473
17743
13515
26231
33409
27449
18675
11805
37799
3423
18257
39400
1969
24472
19715
36470
38017
27313
43320
44358
11947
3488
22269
13387
41457
38288
10391
5989
880
13754
21683
5943
2936
9477
4092
37334
12563
6111
22151
45260
17011
10231
15931
7674
22071
39781
26551
44374
38189
35360
10705
8933
36997
42861
3605
19582
9460
5123
24857
21349
3715
33937
5364
38469
17127
44105
36039
40252
49334
49209
4623
43464
49830
6191
525
29229
37235
30178
47110
7310
21712
16974
34112
33362
29982
22282
10535
12193
3437
9426
35799
19797
3825
8854
16830
24807
33772
41580
40443
35852
11901
28476
19642
18925
37760
49958
18973
18401
7494
2367
22421
25786
5092
44716
19626
871
29814
27837
3583
115
17518
14075
25987
311
26783
45540
1443
42083
20674
38070
25936
705
45798
35007
13229
45825
46975
12662
26269
27821
22127
7887
19148
26207
31538
25907
20139
8622
43707
6737
37748
47240
36578
43516
16345
4361
4789
7953
22674
14236
47355
29736
22281
42496
31623
1753
33007
1897
32946
18892
1222
14216
6794
46456
3511
44883
23287
9832
8367
185
4838
20767
44159
47708
29502
26785
10006
33139
15318
48134
18062
29665
20816
13758
47195
46372
28191
46724
17775
19445
28223
1775
22124
30390
22619
46998
42059
9189
2194
42418
26093
35986
28858
1970
22518
955
3539
39143
17546
41013
6783
17038
20230
40547
15356
4248
33994
12462
45696
45944
3636
38133
13840
36763
34931
45048
29285
42133
10358
48883
32807
20784
