17342
10044
21624
15746
16694
6639
36078
5399
26396
25074
48931
39844
15487
2588
19123
34093
2937
47419
28385
19325
46179
42393
36011
35842
42989
32723
45813
37338
5643
14565
10346
44402
32809
2759
22790
30141
8069
33673
32261
48568
30867
45842
3545
16163
49840
1001
40901
16856
32067
28756
39755
25645
8795
39093
25730
47044
42774
38936
15198
30320
35793
4117
9015
36368
39650
20057
49573
40392
2305
48375
13884
8273
49694
40486
41347
29607
18833
12115
38422
16454
46475
15719
18930
22629
11213
44177
4522
41785
37396
8424
42187
32752
4622
44748
47595
1439
22680
7971
14778
10624
25281
47115
36436
16342
9655
22541
7315
11520
8139
26105
23573
44268
2105
17305
38981
23873
17509
5027
12711
34321
18256
30076
33909
13296
11709
38091
11640
2161
13847
12133
27778
33115
46904
1387
33691
12283
29480
48609
48969
25228
46966
6980
8436
15248
38449
14437
26124
44215
20683
28099
38268
14533
43538
13003
37145
43572
26833
12948
12421
24030
14822
31646
20340
34408
13096
20285
30731
47401
2767
42569
