5271
43797
10191
13829
44511
26387
30309
25783
49350
46028
46332
11077
23173
13121
45338
16286
39423
30945
40981
14796
17061
46293
6898
37377
21800
19097
8683
23359
6558
11067
34298
34215
21489
16917
34667
40494
34678
43167
5815
19303
12527
15307
37409
48686
19173
42198
31445
23940
45476
24566
49675
27151
3493
45645
40056
9520
27594
30095
28696
8657
45761
37464
18347
35794
23009
2685
49372
19368
12864
172
8315
23567
13559
35145
7995
41797
1571
17405
44650
24318
6129
11349
8481
13223
37188
49522
35316
788
45593
48193
41026
16012
