211
14594
45950
40657
34350
6603
29490
45566
41406
22018
13246
9882
12763
42944
32882
14580
20366
15282
44244
236
12469
11412
46170
15584
18041
49374
22560
23416
40048
38383
400
26049
19728
49278
37115
13937
36101
5740
18029
43444
44319
24886
18154
46568
17114
2473
32238
33990
18443
23861
10481
15473
28252
17679
36822
22324
38822
25062
6504
35517
16988
40571
5544
6145
37044
24591
43375
43648
4316
41799
14446
32990
46393
16931
28196
31919
21226
36923
2369
19672
14604
30298
42559
21697
11770
4213
5161
3113
18969
34701
49187
44842
21181
3681
16894
21912
45631
9464
