28266
6863
19920
30358
17584
7633
1784
2965
40542
45393
3867
15413
1640
46794
18248
24450
18891
43859
26138
9124
27450
42167
11206
17736
49147
24474
12403
12068
46348
12804
45275
40946
29632
18103
13162
44288
7970
10833
44786
21230
24575
18198
47178
38983
40024
45461
36538
49003
22080
1682
32880
10486
36968
28891
11724
37186
13798
4928
24061
16657
47732
46074
32126
966
5691
12701
40220
2488
10626
7815
21473
25785
4851
23733
24586
49084
30391
25733
33773
22582
28588
30062
19799
9620
30234
49015
13834
28264
7477
42140
8816
34953
44427
16685
4463
29944
44152
42274
36613
26241
42787
4139
29596
23619
11034
47233
28713
31787
35319
33094
30366
27243
19752
2469
2438
8322
11907
7786
27773
16620
29919
7560
30432
49094
43695
35411
21560
24761
46735
16713
37733
42522
38620
47697
21020
36058
39204
4894
29049
32684
3064
19266
30382
14035
32959
34797
26568
35824
49729
6579
22088
47945
27407
16496
23653
42609
49256
2196
9144
36342
40435
1003
48965
48521
25505
27018
16693
6961
29477
32203
27696
2568
38069
34079
41520
47718
16363
3762
36457
34294
41511
852
14016
15727
13791
34511
17757
30395
25913
44648
40974
49377
22229
32522
16722
589
12800
34517
43437
10523
45705
24231
12603
17262
29860
11354
9629
21436
42046
35269
46648
