18737
32213
7082
427
28798
49711
32612
7880
38784
3713
46721
32606
7035
38276
33979
7913
48509
645
31051
8373
27385
20142
5718
614
28852
20740
15701
7719
1320
5107
26837
17877
19764
4578
46987
31600
25027
8243
2204
48289
22609
33421
38079
45383
7542
22930
44383
22823
35058
28192
26664
46745
5940
21652
28122
17296
527
20559
32698
31164
3717
41905
25954
30822
47648
31853
44598
36219
22842
24152
30815
36307
40731
30284
14056
9674
40469
6244
9011
45786
19817
42934
18542
12910
14942
5846
27832
19100
30374
49460
21600
13374
7628
40611
28979
21469
33948
25147
43712
16160
992
28200
36666
30982
14105
22311
3358
28625
46231
37742
14573
44583
35583
15439
19160
13089
27994
2634
12423
47026
15284
49196
1200
41196
22527
27260
15715
32271
41545
26884
46826
12242
25000
33765
24003
39063
789
16516
14659
68
23886
42858
10723
36991
12725
7930
38452
4039
49047
22473
25535
9881
18677
22158
25092
36144
3202
8738
24471
41980
44806
30074
27972
29182
37094
39608
39509
617
42829
30607
12967
49055
43178
39370
36866
31846
13839
8842
34747
8603
26808
24536
28407
41400
30466
38548
42759
2771
42953
9978
6222
46496
25941
39945
39513
2471
29127
42665
6790
21833
7510
31691
28491
47954
41541
25644
28763
41312
33597
46967
32610
7905
47775
15833
7593
27281
23078
1738
24532
48475
35709
32229
40209
29869
11002
26706
9215
1240
41960
11148
41468
15958
42208
6507
5634
4475
15776
28278
21814
26250
21387
31026
49803
19163
36285
30202
15614
1693
25869
20569
11987
32444
1981
43151
27650
21052
30545
28674
33633
19660
47802
45432
35908
12742
48827
47625
40311
13779
4306
17640
46889
6511
27855
49452
17953
5534
15208
42041
17073
45970
22618
8908
2158
2761
9495
14569
17492
16904
25860
35165
1832
36428
19341
3449
34824
34916
36026
35731
33783
48394
13665
33809
29587
43112
8863
17624
26471
26055
40710
21543
6702
31953
25757
45124
10886
29751
6452
38472
