4939
25799
49060
36937
15375
27780
23494
49005
22083
49057
28066
23506
46115
14087
17136
13755
10654
14982
3025
36922
1671
28545
23980
20439
47896
10612
10421
8059
3992
27843
45445
3133
29648
48379
5720
3401
42780
28704
30898
13844
28639
15878
13671
3447
295
42648
12316
25835
26461
2552
13261
5591
38126
40458
13348
24500
38810
32359
21801
46378
8581
17777
44838
932
45435
49155
35811
9348
2094
983
26717
40008
12183
136
36514
41981
31585
30639
45491
10959
24392
42345
28629
25672
40113
11684
2707
17048
27347
36231
33537
901
38687
41979
4052
36126
29647
35837
24397
44723
23193
1146
36980
11928
36343
18686
30821
37700
32471
38215
34096
30499
10211
24328
26760
29550
12442
44097
20829
29695
46182
24245
14212
45784
10434
40126
15933
5026
14975
3044
16649
44266
39474
41235
41515
13297
27856
29720
16272
14952
15911
48566
