40906
6249
45824
26271
19140
4765
35971
6748
3319
47146
42969
19849
45122
6512
17458
39575
33203
11218
38227
15323
8192
10674
48157
40073
38922
35055
5415
41572
33148
27464
49856
44134
37514
6890
35330
11561
15970
15101
14116
38101
45953
28848
5195
43706
4668
15083
15650
40467
12965
38055
2652
21236
21618
8441
24811
34599
21061
40318
20131
17867
45475
36865
22595
10514
6775
7933
36927
29795
28638
27586
22507
46477
3884
16955
16652
35294
47275
11908
35814
44886
37071
20949
30096
5762
29041
47148
25472
7599
27486
16065
8902
11715
5670
27892
39153
32009
1901
45360
34668
2303
23133
2111
31528
6471
44456
28101
41686
23898
15533
9003
36720
12791
48770
17362
29954
47310
27286
45941
11066
1313
40995
29499
3124
29924
28258
28946
42534
11286
4516
29544
21591
49916
18328
18644
35014
17310
19407
14302
37931
34537
11384
5224
45724
28998
15962
33912
26750
36642
20555
20871
35396
40564
35970
17758
35935
41535
43698
36610
13102
20068
30690
40637
14774
17553
19369
1638
14510
18999
46174
23315
46347
21555
3945
42915
13663
31653
27470
5712
44863
22720
38385
36767
11808
3153
4884
23260
36657
30463
15761
25235
17129
13876
10193
35367
46193
43124
32860
29018
8886
37418
19862
17230
45423
49354
49809
42175
4632
17055
40238
2387
25576
3128
21151
46753
35413
46549
49932
5088
1667
3057
27159
47629
29079
28207
8700
6600
32005
8473
38124
40751
38275
16297
33440
27899
40305
39134
6714
18524
32412
37076
36784
12205
28945
245
34939
23518
9096
47674
5470
6955
31493
13982
45471
20695
19644
26307
13846
26788
38523
23701
20510
41577
3646
43403
22932
22958
11387
43567
41040
2234
22347
860
17364
21170
