8150
43427
31162
43831
9367
13956
17495
14980
33107
28119
36517
41486
3564
13341
38258
13235
16456
39078
2301
26362
22467
28644
8776
24373
8324
27179
15757
33044
40716
29393
41738
44737
46267
45392
8595
18087
49890
1100
30714
43801
7679
526
24644
24447
5245
3033
34443
43400
37743
1337
36020
9841
46064
32974
30737
8565
47966
40951
47584
48144
41106
8222
2109
1927
543
30720
19107
10853
22960
39428
47931
36844
33877
44495
23501
33669
32221
39825
27643
39409
28003
47757
2381
7552
29538
20162
24270
28683
43436
2293
30508
15095
29390
25632
36777
43037
14842
28908
46650
22764
17192
42530
21479
15755
10768
4691
19079
34141
24112
41320
4978
33599
20283
12627
13149
15814
6762
34740
26946
19881
17481
8155
22115
36967
21386
4195
49537
44145
31103
31377
14813
31696
17303
45657
32342
13730
18775
3860
13960
10032
28766
29265
5512
35883
15598
19307
34255
10410
10601
8982
35651
46798
13287
37589
1957
49990
13004
18630
30297
919
45527
26082
43688
27158
45034
45206
19790
5326
41062
18453
29424
4638
1883
42410
15163
28313
41656
6705
32233
40361
46065
30713
2160
35733
25422
2905
29456
23021
15211
41600
18258
8944
42573
44222
40929
32762
7543
26389
38979
16984
26211
39601
15520
5742
3480
12125
6740
23299
45071
34473
18922
22885
24154
8947
14936
33879
12004
13933
4735
5469
33506
48933
14162
21335
16438
16225
5101
45737
19569
112
36326
36134
27921
18451
1460
34538
25020
22676
21961
42805
39850
49515
3674
5066
39621
11954
7888
37985
26330
45140
28952
20739
20832
41902
3180
38571
43817
48177
6213
4417
22843
8283
34717
43945
1688
37342
17245
1926
32952
19919
32903
30350
43608
29554
33336
32557
44196
40568
15968
14036
33922
3665
6820
8369
19144
48030
23174
906
27124
19084
10
1920
30224
36263
26432
46498
11841
36506
11793
30950
23599
20887
4158
25090
46054
15890
491
5232
33410
2647
26452
36628
17852
47780
15813
14724
36173
36868
21911
25592
23084
9275
37979
37442
41690
46595
37996
40388
42610
25861
39226
7368
46535
17687
19374
21754
36221
31810
10227
39512
43909
6052
45433
49293
48964
46068
4221
12787
34284
17558
48927
31031
35100
22014
44844
11700
44012
15630
13256
2695
11898
15751
49774
19617
8775
21772
48561
37994
45083
8321
37196
586
1181
46765
21466
24972
29143
48711
26673
42171
23638
41583
19789
44849
11230
12312
42739
31922
29848
41390
29626
37261
32341
1985
35466
34168
12831
26764
20091
15360
745
3977
46161
41717
9681
7081
34369
10145
34909
42798
8760
48279
22293
47151
46295
46907
6881
40574
46363
10903
13293
40430
32266
46885
49920
10555
18189
984
29097
41680
17810
18805
18278
5097
31426
14275
36327
37803
7912
24129
45080
45914
28172
26059
27735
15216
18297
16104
14807
17433
13557
39779
41215
35839
29396
1232
22923
44871
49127
13453
19965
42664
17283
39540
47968
31639
10452
45374
4232
48425
42390
44073
45913
11182
13915
2966
6454
28597
16378
4032
18553
28870
30276
3464
28415
23386
24701
23368
11435
13767
7832
49509
7416
22248
17030
25467
8707
24494
36409
41830
38697
11795
34043
12690
18798
48312
17975
15872
422
3430
41035
6068
44725
2007
7118
35586
42425
18124
3090
41338
28092
16457
43353
26150
29136
49545
13990
20997
36454
43975
40189
21293
2440
3595
3662
41497
6656
40748
11249
305
19252
32966
49285
41056
36037
8624
20274
1984
33469
32432
28343
28439
48990
22999
49019
2720
23229
7837
25517
21176
41018
13690
46209
11738
17050
47591
38410
42710
37112
12273
11346
44668
23897
12329
36052
26102
1456
49337
2114
35108
4723
41493
10235
38144
19210
4941
3622
12476
40982
22401
2339
45942
15899
17671
22564
41663
1066
28347
22003
6485
25006
611
3923
10534
7277
18276
39012
6902
42369
16167
23750
34765
40426
21474
13510
26030
18841
43480
36402
34049
28864
33570
24432
40602
3250
26966
11225
13710
28031
45577
42779
27915
26247
6436
24224
1117
9230
45044
2814
46460
12639
1679
33386
31617
34290
40872
39206
9146
29057
42398
4500
12226
44455
19622
26549
15104
14329
45981
3652
3644
27310
28616
33239
47987
35368
25970
36171
42450
36654
5869
34932
34857
40522
31335
25244
36238
48620
27380
47517
46181
21113
21411
40228
22367
43296
18548
383
31743
28389
21693
3987
21464
38826
26944
11977
20243
7340
21987
41876
23990
39870
7222
10758
27344
15937
10398
13571
13603
45020
2151
20789
33334
46827
49961
38675
35786
43502
49033
38703
15281
40681
3603
40425
19652
14477
6720
26748
12960
16092
43080
28048
19677
36857
24485
49212
44130
16046
30101
37559
36681
3770
30608
2878
9584
11001
17717
43133
7382
21272
48447
21462
16859
21802
37668
24368
38181
45459
34974
13699
23093
27290
44630
42211
46513
33938
38041
30875
29940
44121
32763
26524
11386
47933
47480
29744
29395
36213
10828
3998
20778
15013
3264
29219
42295
44689
5892
40273
2924
15815
30352
30103
47766
47250
31504
693
26490
46674
35871
40505
14928
48140
22966
9782
19011
38505
32353
7334
30032
45448
