45361
18138
19701
12637
15992
34036
32045
16577
18949
37015
9505
40521
18917
49737
8994
37496
14882
16842
16203
41245
47243
34655
1735
13532
18375
5473
24767
18438
129
28081
16800
14110
13100
15660
17898
43237
28637
49956
45628
31257
22156
32251
6360
48026
10128
5605
42149
8701
13742
41776
14940
45868
21703
41142
41689
42010
29758
16749
46778
17543
45557
21879
49642
15731
1703
10033
2607
43912
21354
30750
31887
30946
29565
27327
11892
31757
21482
34249
12715
33039
34109
29971
25655
31311
40408
29302
21126
2199
23036
41684
13951
46474
32881
29133
21535
13384
27557
38940
21358
29376
18653
45210
16959
21677
42382
41603
40965
22987
10342
15468
42593
4368
42974
39316
42634
28355
1545
18849
28479
2983
46585
40263
22687
37986
47326
3398
37423
26895
48055
27265
10547
38649
27555
20101
22669
28472
12237
14491
42068
22854
33236
21682
36743
14400
775
41779
5751
31457
42459
34785
7629
47763
32336
10018
43404
1123
18665
887
3682
29114
37197
11743
2721
32
40914
3568
38577
17464
49454
40293
14895
46312
15577
15806
41156
13257
9610
23279
1248
11549
37508
21390
41029
12533
9175
34811
14720
18346
18279
15849
7143
38112
20897
47554
7698
19216
13114
9345
8614
4503
20574
46369
6118
31838
30644
8055
41795
35648
42245
7743
49524
27729
47063
2274
15544
19551
3866
30658
15008
43951
8803
4007
