4708
17040
38162
12074
17639
19119
15665
13573
42314
12610
12649
25170
9526
21517
15764
11028
40696
7774
2644
23679
49525
4142
15195
37132
47087
41168
28923
41581
2284
18064
5261
39192
46433
1528
12817
40068
42322
17222
37344
27070
37645
8130
47067
7574
8472
47889
37163
36761
4656
21110
45881
19915
28190
33637
38855
18315
39665
26519
49556
44450
9232
40102
19146
40490
34815
873
11437
33543
3726
20030
36133
10580
38813
34647
30645
14531
5667
43764
13502
42857
4568
15038
22732
42358
29527
22397
19069
47536
19967
46702
39037
12256
26101
36092
33609
16754
42495
4988
4713
45230
10861
36893
42938
45159
19048
41083
28962
43745
20023
30701
25240
132
26062
19076
43386
10035
5665
17719
5583
18611
33547
32053
20191
42044
6999
2110
3186
49918
39726
34660
15329
17496
28111
39693
1687
2534
44135
41377
5368
17714
44332
4744
7882
9099
14989
13585
13113
26056
17701
19710
32579
44205
10360
8497
6749
41438
32292
6859
10119
42589
40816
37848
33973
23204
12081
29799
39517
24636
40581
6218
6495
25341
9018
19636
5820
