13850
40493
29842
23895
30578
25381
8049
46895
38413
47291
21116
32592
19869
43137
24652
626
2794
5564
38471
38670
40836
1715
29653
36632
20710
37982
4031
25698
46113
6736
22895
2230
32107
11822
31065
45269
41557
54
38747
8091
2416
18877
1582
34371
10598
35804
48598
40419
46175
14556
39294
8440
43062
42925
37001
48291
35729
39679
4146
21018
47402
35113
33174
17628
43617
30790
34719
27807
28299
42134
4011
5166
8277
39463
11331
10685
23265
24201
14887
25049
24835
2595
2244
6712
41122
45498
43
14239
30273
3266
12768
8061
2531
46882
46527
1398
22907
20557
40373
44692
34662
3173
26079
33639
9316
46302
41216
5697
14135
24932
30429
29899
7655
22221
10302
26497
36138
4717
23291
12984
46257
1923
25922
48602
37862
31215
38176
29417
22035
18857
14100
954
28380
26209
16477
10996
3352
43847
42130
33099
11399
39022
15275
35859
47217
29086
6900
43194
9262
12050
45101
18589
10034
2402
31098
46071
24907
22345
10559
13888
34023
31386
2424
49301
7678
46499
13248
43100
48840
820
37029
44985
5789
17763
31657
16598
6821
8215
35423
33011
39125
6036
4730
40738
37811
49891
33806
13227
3299
33127
18483
5430
34826
43684
42360
30876
45422
9205
44064
18856
44539
34325
21515
47181
34763
12189
