38580
23743
45773
44109
1038
8006
2497
15270
18050
7868
33480
21248
31641
12759
11523
42871
44006
48995
31220
2461
27982
36882
46227
48016
44875
28203
10652
6557
36366
9714
41399
25191
48816
16617
44412
42629
28676
974
13582
35716
40899
41360
6937
47972
20903
25304
31680
3376
25787
15457
33301
1979
33028
7402
31820
4905
29725
8883
36344
18200
6551
41504
28575
7524
20754
15227
5355
6430
49217
26550
18951
32156
49145
2691
42727
21722
24629
37262
15028
39829
31797
28835
12703
12974
40798
36793
43146
43211
35421
26119
31070
34042
12576
6993
19744
49303
36272
12975
27140
7158
37346
2747
39073
36544
19522
45548
17856
21943
19615
47880
31643
46996
22302
37078
19981
42344
24522
2103
44946
10603
20038
38326
44872
40470
20130
21214
8825
8960
5886
6654
20820
46799
48420
23448
10074
9809
40910
3081
5682
9941
44595
8463
7828
20495
41559
45399
21246
38034
3965
41745
42172
14578
38252
19492
30928
16078
10888
21331
49002
16973
7558
24426
35204
27960
26683
13475
19358
9123
46838
20827
30932
14299
18546
18153
36557
2467
28178
41755
18743
27194
38792
34749
31234
38504
35444
33168
31307
15550
38404
24745
15304
33195
30845
10726
10341
4115
12840
48546
12780
49784
45794
33642
43094
48110
15567
41419
6777
31442
12173
17772
38519
15770
16705
1907
46210
27463
24777
48028
15901
21383
288
48108
9453
20996
48371
24814
6673
14330
45261
47349
18689
19803
43679
48326
17894
26723
10068
39303
39195
17614
34817
47764
14762
43635
6735
35063
21601
47051
22981
14145
924
6030
48004
30520
45716
38524
13653
38791
25898
