24613
39548
11729
15918
21524
12157
49017
11440
7537
37617
5360
48471
33935
44039
3850
7240
4456
25293
21
24563
34181
20966
3434
36686
20254
29693
1850
21022
20334
49085
44718
31479
15799
16003
16324
44079
20332
19424
9540
5701
5062
28744
20931
6648
28830
37192
44183
23421
18416
9845
20456
37693
3158
18435
6476
1342
8881
2669
5464
45637
38711
27985
1794
34757
23253
35244
28838
48352
48693
36527
6690
39168
45624
1859
29627
18604
6020
49832
47950
21203
34209
42679
19874
35954
19001
286
41733
12777
3886
45170
13180
5178
33873
23024
34065
7804
27759
9591
46829
11273
11850
37672
957
17226
48031
26577
9274
22192
7294
44997
32066
2514
36275
42191
14587
10762
3679
162
29914
2807
42791
32118
45356
48866
45175
32388
33394
13050
39340
5868
35119
8629
2327
22558
25596
168
48414
9579
48746
13887
32287
15342
28037
22350
11018
2240
11389
35697
15661
17965
48074
21855
22957
46910
27745
49038
16798
25246
28148
34351
13970
37571
31759
5120
41969
31308
43073
48715
5340
23612
42364
26409
47095
3240
14619
16714
18042
35977
32054
25463
15472
30563
35066
19676
1496
47794
16999
39994
11535
46846
36739
49213
16100
3323
22460
49947
21522
16339
21938
17918
41954
44094
