49586
14350
13221
36670
45916
27849
29028
16647
27157
19351
7790
46697
2236
6216
6776
37007
27827
9758
6542
19004
17287
22682
39380
1044
4534
18801
34062
33223
5814
47680
20395
44128
42273
11945
12230
5451
46017
10834
36048
3631
14924
2399
764
9103
42620
20281
15735
32858
48474
5656
11710
48376
512
18583
20640
18908
12723
34809
42902
15235
47188
38099
15540
30407
37152
2903
48846
40107
24205
9241
3966
36176
22304
19753
12851
6078
14416
12116
23586
8101
36328
8242
42481
2664
23176
11130
7860
19006
44837
22589
40786
40360
14520
46308
15714
7361
21609
42020
40851
21179
703
46925
45440
40859
9975
26225
42749
5933
35384
39929
32590
24396
16060
26960
23943
27690
37893
4393
20171
9909
18033
40687
32663
48768
20248
359
3719
23098
13543
34336
42696
27145
18405
11696
15180
18935
8773
7395
101
17480
3383
21721
8745
130
23630
38270
16219
15648
30781
36512
6707
28267
28931
27697
15249
48061
2871
14702
13282
31404
29467
13740
47929
12714
550
9710
35949
21642
5410
32475
18596
28654
30552
137
24412
12483
29752
30990
47615
28836
21538
32827
18430
46842
7198
9551
915
29341
17057
4477
18806
492
25737
42614
7680
386
37623
45291
42283
45976
10911
45147
38662
46515
25942
43984
47006
22086
16640
39056
5952
37102
49536
38950
40362
46540
25927
29884
37855
29377
49164
36325
44970
36977
7623
47472
14195
33076
31153
42872
22917
19116
46025
23525
45242
9542
7988
22290
29452
47047
28634
22021
3318
39150
28717
49366
41378
4910
13140
9977
48512
1227
14948
43880
12994
842
21357
34090
16388
3980
13500
29734
40243
46691
34582
34279
23309
32397
8328
31832
42521
22125
33681
27055
31732
46781
424
8631
25871
18824
49195
43558
3096
44864
23344
47715
15016
26975
34980
38328
11552
34268
42625
8053
14987
23746
22264
16951
47022
45193
6060
48716
11190
30601
6417
37286
38366
9703
1872
1195
43890
47374
38149
46821
36588
35777
15353
39580
43991
13171
1212
25894
38282
29058
9034
23550
38684
24598
34239
40133
44446
34593
8086
346
46013
34926
15290
26761
29854
25812
36624
38871
9035
2684
234
3327
43507
3487
15866
31395
30000
17176
12079
20785
17707
11681
16042
19648
25207
46504
28686
9631
46060
40670
795
47390
2184
33976
44415
3851
9265
2525
13771
36741
33220
22663
40749
2427
43409
15116
42308
24463
1059
5158
39244
2959
18699
42810
49432
29790
40088
46997
10664
3738
27676
17033
11221
22047
42326
36605
5185
42906
36480
13320
40165
30852
34571
43302
39830
45895
21817
26264
40776
29824
42732
47494
40192
18994
27133
41886
15939
42409
27006
14455
12073
5164
11323
37414
19903
46084
49895
26047
13799
48337
3102
47425
46729
20347
13231
25917
29513
46774
15681
36270
5669
16038
37039
49192
21552
26693
14956
2908
36546
4484
26379
11784
49590
9252
12258
9524
46089
49693
35556
25663
46520
22164
4819
30598
24202
1041
16308
2101
11150
896
28970
45279
36424
4392
7663
22001
20662
36426
5837
12691
17213
34122
33433
19823
2679
47666
42113
29312
16887
28433
44882
25896
37350
7764
27790
28759
23926
38314
17531
36860
18504
49505
13070
29803
6153
6039
4143
33128
43483
32225
12071
37506
28539
41481
49439
9720
15089
982
16008
11799
44590
41901
48916
6276
44367
32265
49351
24960
40190
34699
17459
32644
9180
3274
44060
24612
10822
44585
26328
34589
7607
34573
32505
42236
26143
38709
20519
45821
8163
38289
21144
4786
16304
5208
35028
17520
3970
5543
44938
47643
24259
15810
13369
20863
33980
31567
18110
19306
16014
22062
27452
19427
47283
9218
19859
8274
13002
41558
35477
15026
17903
12130
24269
19447
19546
1500
16030
47588
7336
24825
27297
21028
41787
15005
4674
10639
8838
35601
49598
1012
26858
1710
46919
49741
40167
11888
48446
4051
35416
33578
35864
37081
16823
37883
45238
30006
3880
23899
27080
22279
3457
4542
2462
12023
44466
45539
38998
12215
30347
8549
12773
27043
46880
45578
39707
39213
13493
25713
17188
2927
22341
5493
32211
7354
34107
20945
48079
26742
21212
11493
13669
39358
20027
47531
28478
40566
39979
3707
18954
23901
16704
34358
41997
24137
49844
13308
21401
12589
47433
6448
43421
38491
48195
22399
18408
31267
1806
47422
27423
1139
31592
10062
21950
33898
41736
44696
36359
41272
24633
40383
42405
9642
17286
7162
30167
23766
48902
47750
32705
44860
47733
46521
36273
11516
12103
6533
14478
49497
17462
8766
34873
29074
19401
13842
36584
37407
21917
2493
20270
37147
21764
34691
19385
11138
215
47388
29738
7435
4762
42892
30066
25914
29096
4996
29091
13400
30652
37360
7134
15622
24545
29883
29215
29033
49025
13063
7869
13218
8708
44578
36785
16786
8371
49319
32883
47627
24434
7246
13659
36611
26708
44163
46280
4742
3337
36246
26740
35868
28442
49533
3363
4227
39027
35504
21990
227
2616
15334
23935
18758
1779
49682
26204
34613
47159
12720
10405
46394
25711
5754
45110
25303
4218
22243
13533
44153
48010
12911
34203
15871
32109
4225
43097
31942
16622
11438
29383
22063
33266
38557
18574
37615
2481
42003
6311
24403
5331
9229
32425
5044
41446
33081
40027
35385
10458
3114
3536
49964
20957
27359
42818
14826
17372
540
23372
36222
21481
14367
17318
15203
27591
48469
9659
17705
13463
5414
39090
24628
26402
35336
38957
31633
12350
36267
14030
13674
30268
37894
15272
14263
47647
9608
15090
15087
8579
48032
49690
39426
17944
7211
23524
23560
37772
46441
4821
9145
49915
7187
43064
27353
12474
49892
41275
39954
19934
42864
35446
26099
28218
16575
3375
34338
13120
29196
23076
6786
5369
13542
26803
26615
26498
40100
49868
1877
22356
1078
20327
6065
17783
49718
12830
22575
366
41284
4728
26447
