16472
16961
31023
24360
23516
25447
37509
1846
35486
40118
45747
15720
41887
9910
8487
44943
3072
46992
43588
26613
41713
6972
9374
23317
45960
13871
38755
6634
29250
5794
38899
24717
30392
29489
49231
45444
5320
49110
41793
22094
11305
37028
21038
23686
13743
12124
23459
6465
46212
33530
20578
12281
33511
47197
36655
29460
32181
9689
11804
19631
12203
45692
28032
3757
20137
36828
30060
29741
30292
47515
29543
24890
2633
29547
20838
32842
39739
38593
7929
7859
28173
29117
18319
39866
46815
40837
3054
43473
28176
1639
7339
20600
34874
29801
15366
31205
48189
41851
20905
30109
25351
21153
30448
42222
7114
47280
46906
19995
31185
43467
45706
23739
30907
13098
36225
6227
4950
18264
45190
6031
8287
42686
4286
4661
12692
30991
46712
10184
36525
14829
32670
6633
869
1954
2192
41929
46789
40306
31306
10094
24648
34145
14452
24277
47776
24404
34634
30933
49314
37165
18295
5731
324
26404
25755
35257
15230
17863
8290
8325
29978
11402
20169
17089
47849
26970
6670
44246
20473
32151
36993
8767
35976
47971
38789
32340
38095
15986
12093
40979
45854
46357
48269
26232
30501
26873
32571
41847
33722
26621
49138
34374
42940
1374
36750
3438
9284
37628
36851
624
23096
29540
33234
33468
38730
44726
36392
15308
14468
48545
47874
47567
38212
10567
28886
41427
42085
49532
6610
13979
34692
20717
26547
30428
41840
15347
38818
14238
33848
8390
44607
2844
36731
21715
46591
956
6598
7639
28577
5574
24165
28807
14712
2824
31554
26194
15146
29916
30841
26168
25956
23295
47387
13283
6314
10232
1572
32321
30787
1904
7713
27795
10028
30394
3686
6410
13176
38613
14325
13467
10100
658
40047
8210
36604
30156
41896
28364
18378
44734
33685
1217
18599
5489
35410
2439
14111
43458
1299
33243
14060
37208
28483
11679
32865
39804
16742
28421
12515
31785
20082
25173
34193
11069
33668
6336
39594
