36962
3277
4672
15925
15246
34646
17986
8293
36084
37074
40807
18452
16504
14076
47596
27014
37525
5301
16271
2317
29760
25487
7592
14607
935
28788
44631
44888
1566
1618
12890
4128
48528
13948
28938
8839
26971
28019
11214
39500
11722
26042
30938
7165
8251
43065
7858
9500
27565
4140
5550
4614
3590
18076
37749
41195
35660
46466
48076
16525
30899
45638
12345
1258
48553
21244
40438
31928
37103
35585
38882
5492
13377
5823
1074
20877
48017
38231
22557
19860
3926
21366
44218
10220
8587
43010
47560
33788
39058
28867
10426
37601
8871
7173
42457
45864
14814
42532
35673
8292
37253
49710
33003
20464
4388
16922
48158
18302
4343
3174
41595
4633
18815
18901
31252
35214
6017
28936
30143
27264
23740
26791
17652
16957
25720
49728
39613
6406
14511
38161
35200
47002
33804
32909
48586
49186
8891
43357
18562
27113
11897
47356
11606
9767
15385
26898
17658
34382
40182
39680
47054
16544
27611
7097
24011
32255
3021
12585
3792
11424
4167
29991
36374
29078
6938
31674
23057
806
30791
12964
38068
4727
34572
29816
31433
27078
