48480
2502
10805
38866
893
8384
3094
37058
40548
8491
12770
3177
28922
20935
26327
32725
30687
25798
10313
3370
41233
28881
4253
45915
32685
34265
43807
13724
13357
3579
33495
838
36190
36629
23017
39869
13233
34695
9823
34955
30003
41297
49820
10987
35721
1770
24064
9121
24840
2575
23737
2214
20343
29549
32286
26358
25796
9223
46076
43512
31902
4847
47317
34411
22859
21124
47316
11982
20807
36056
14740
20148
44036
46185
25706
39457
15176
48276
18158
319
18502
47482
30986
9165
25208
36394
49750
16159
8327
31148
48661
9325
10677
23635
42583
23131
29354
1492
8302
26141
32368
1828
40983
45751
26151
2308
5659
23822
10536
36984
36495
16736
27882
46523
5839
11215
1381
36019
11180
38865
22549
44313
44324
2988
38570
22099
21997
28714
1777
9263
8523
39570
13775
34187
32215
19049
47021
16083
8334
27691
32369
41628
47124
7155
1473
16772
8252
29273
46462
4795
28771
25800
16878
16880
39448
3087
33821
34948
39388
7658
9410
11922
33435
7304
49798
43840
11858
16376
43000
48829
5621
38445
28405
18728
38209
44363
42907
1822
30850
27598
8205
37839
35221
6176
11043
5504
39750
41300
46503
7572
7842
40021
43179
39556
39495
10023
41562
11507
40861
4681
27161
16036
13863
5436
3089
32586
20727
10470
36606
32867
49345
25690
41774
41191
25524
17924
5312
30861
49923
21972
43919
37719
36082
38884
33322
31634
31875
47737
21909
5480
16826
30575
28810
33869
26789
26455
45834
33983
10344
37092
25901
17322
20372
24487
15241
30536
12463
17143
45757
33224
10658
14635
23364
111
312
41227
37724
33422
13589
25337
1857
420
9044
15402
38975
7319
14457
26500
42077
15774
9565
40500
40210
41489
32536
15288
32899
35381
17632
47444
16581
24504
14727
36768
26680
41933
46063
36412
44600
1124
28450
16217
33121
20923
28675
3815
35985
8095
5487
39736
45818
43938
22656
33066
35559
20233
