34116
3275
41531
3949
45320
20692
20146
24023
3117
36214
32991
40283
40612
27046
33860
43339
43511
10513
32715
32863
142
5672
25183
22512
46160
21936
12094
28422
19404
19663
49941
5736
9541
10620
8894
30754
2257
38630
43109
47259
36442
8037
48721
28185
32567
17945
49398
20626
11471
2554
1617
17813
41578
8120
45123
34622
37290
47234
15529
40546
32848
40561
11532
26072
33453
45877
42399
13491
34520
28198
9248
10965
25476
46969
37619
20902
25649
41601
2127
6033
18186
46792
21958
33694
14832
30218
9087
10773
3635
21273
11883
13105
10539
7563
8724
42513
27761
5600
5442
9306
17210
20005
3943
22959
24711
45822
46611
14341
23623
3241
44506
20676
4465
30727
42976
45245
48264
41271
25508
28684
46062
5992
10526
10378
16780
43356
49912
22863
3095
24894
5592
16366
30025
40698
33191
39200
46392
47251
19950
15560
44934
769
28716
22891
32326
39578
18620
18244
40795
25538
45570
33330
16257
19109
34683
15470
49526
11744
34850
