90
14891
31847
40624
21221
49136
25286
517
6967
9290
24007
11810
46095
9985
37976
20861
11903
3783
8448
5378
1191
2699
15733
26026
42900
22555
1272
30798
5822
16359
46878
13041
15167
44793
10072
35608
27388
22965
1544
30490
1364
38405
25495
24638
24248
5452
46397
15823
30579
29031
5459
33900
9590
5142
19436
22019
31556
851
29605
18182
26078
17802
43283
21803
23456
10206
4975
31798
576
2077
49664
44990
17062
9722
47187
4160
46400
48520
32776
21058
39815
29098
12267
30026
36081
29585
28827
48649
20296
4736
7857
21549
45443
