33679
1068
31824
47139
4874
41278
12958
46738
10938
42256
6195
4649
18909
31253
21774
39885
4483
37370
44977
28812
28633
39610
19784
44140
47235
28368
36663
46758
562
33684
32343
28221
40953
33333
35285
35144
6104
24216
35314
42936
18106
20571
45258
13932
13929
41718
6647
9789
29311
3842
2893
8227
29958
3435
14303
34169
44185
36234
13204
29163
24492
9644
42469
42241
30166
29728
15073
26535
49441
13135
4154
33048
2521
11586
48544
10908
29340
40654
40908
31744
18784
6002
33778
4823
5306
34901
42520
42693
1315
23811
40254
31650
27378
41144
15456
30030
24115
14749
31780
34391
42491
35128
10318
31597
21359
46319
45485
7785
36901
44021
14907
25082
48143
4137
10046
23796
20812
45858
22172
18976
26806
35694
1325
2448
3503
44850
5906
35076
14849
41579
39062
48117
13563
16197
8562
14362
36135
17075
48483
43947
15352
9212
39865
27209
11255
48071
18819
19106
16081
21029
33786
1732
43782
40693
30906
2172
47150
23605
48835
4397
42035
3097
36907
13319
9963
23426
22134
39657
35552
22428
13621
17940
40160
25924
45910
17821
38771
2384
4753
43345
28659
22538
26020
41831
3883
5646
2072
19930
8392
40732
7539
29288
47483
48392
25748
32305
23159
18645
14632
18426
34907
11655
2028
9057
15637
25595
36936
49789
42784
21787
33143
39498
1625
37160
41334
44428
41047
8772
33914
24538
28901
23441
27348
48747
24082
12774
8880
13691
27391
21258
10799
45297
18507
29425
25602
21123
46567
32304
12047
19922
22635
31843
7716
1502
21953
49626
7566
29226
2873
23521
48203
33931
39114
49934
12650
17771
31801
34532
15341
16151
7196
41891
1916
34898
49117
2064
11015
33034
9
27166
15753
32513
20174
9546
27410
34723
9869
4257
43450
20794
11358
26509
9060
3831
32793
27318
14525
27814
19955
25397
4659
36978
48888
30380
18434
35365
43563
668
38646
12746
32687
19564
39615
14726
28976
15825
219
29623
29444
45278
38812
30505
41801
47033
5129
865
5127
40912
1361
49688
35322
32756
39623
1973
38794
34890
22364
7553
