3741
27224
7022
10208
35754
18267
24306
37854
21913
9552
34491
16473
3900
42684
7875
39220
16562
42444
36027
24623
32331
1238
49854
9507
37274
49609
37062
4497
34424
5270
4106
32433
23915
39327
22934
25818
18830
15924
43129
30260
35414
43463
15973
45755
3120
49206
13713
10383
42647
9698
18377
42032
46331
37003
35351
48731
20786
47039
27517
40589
654
2738
27500
351
33560
23401
20108
3138
36576
5000
31066
27438
43873
39646
3946
41025
41349
12473
20122
18024
14391
1823
1802
10066
44541
14063
31913
14323
34560
14590
18570
40773
10043
22757
48761
4175
16050
15253
7290
3160
30979
27708
34286
4846
37638
859
28865
24469
10716
10262
15079
48336
20064
29987
25571
4220
38825
8906
38951
13980
30697
49083
33501
40524
12287
43107
3916
10017
14577
27444
12508
41027
3796
18388
34880
13183
28804
15378
37463
19495
4879
39009
21204
4608
2821
49700
11360
35137
29783
34903
25344
45998
34513
283
10404
368
26768
22940
48077
5256
7742
7982
33466
20916
24345
18497
40364
3819
35112
18102
26793
23856
7376
43205
27900
280
25604
22502
11659
29501
23225
20433
22684
23304
44925
34201
12767
18724
26284
6816
26044
8916
41841
22787
6355
1024
6341
3534
41104
22620
6251
26193
22325
32680
20004
18490
23604
31591
19474
28538
19036
44679
17398
34696
40250
4539
12905
12253
31263
6428
32141
38322
19415
19555
37292
43164
15689
6916
7117
3456
8260
47338
13857
24912
49606
34501
31285
33682
16161
17351
41695
37422
10918
6741
36156
14340
49988
25568
12570
12095
40251
5836
35566
36871
8275
49267
24913
23003
43122
37492
6780
40177
40933
47253
10631
21690
49686
20429
9247
791
22800
48884
29686
9160
2213
23882
39863
46198
3357
38120
19024
36018
25975
34363
22037
9607
46123
44638
17972
14138
35176
6960
28504
42319
17985
7085
7039
25116
3570
31543
28695
41487
4063
7060
42379
5726
26897
12624
34494
30939
46645
