2170
47456
31811
33413
11543
42258
48292
14574
29026
15060
47817
37892
3922
22988
28815
45972
1347
12912
24350
32629
37625
31160
19850
16289
42649
16663
49141
12278
31003
16996
33306
3760
598
30960
33782
39902
6297
14646
38121
19658
27678
33855
23431
28265
21317
11006
17442
42483
16276
16098
27904
34714
25164
15857
35407
27666
49298
43246
28039
8531
27058
42153
32539
30553
9531
39198
3178
28833
40825
28336
44522
4135
29618
16120
24973
6695
35512
15952
23559
41627
11007
5689
8926
23801
30954
11367
42748
33486
18564
15122
38732
6956
2340
8270
3406
5329
10532
14719
49102
15039
19086
13410
15291
15631
25862
25594
2164
46375
14332
22463
16787
13146
14518
31046
28726
29495
28760
12029
24053
2815
9860
37705
44514
30443
45888
47352
43669
29165
5475
9002
45103
19290
3643
27721
12664
9942
43355
21886
20527
34800
23817
31962
34995
38475
18844
5145
2414
40441
47803
2510
13083
26528
11645
46294
33512
10675
32254
20491
9918
30573
34426
18861
44326
48125
7394
16760
33156
43425
31048
17076
9388
39322
17229
5975
6388
37072
48115
34430
42151
22370
47641
35350
6770
32577
29247
28354
49860
34846
26711
31654
29320
41353
20521
14014
38456
45742
24236
6312
42879
49847
14276
40385
38889
25227
36330
34074
10858
34933
27221
48726
17298
27754
17915
15379
27504
10769
6144
38618
34444
202
45880
13458
18846
3392
12251
47169
43222
2809
1650
36148
27895
29085
31711
37386
36069
11814
11778
47156
21486
14133
40960
33015
17221
11583
21809
22598
38994
47432
19029
26969
5831
26100
32963
37093
