6892
36158
44729
33542
18591
9221
20806
40313
25976
7616
1103
11159
22016
11668
45493
7405
6912
34591
23219
42255
4141
28650
27866
40447
48924
38450
26407
9960
35026
21719
1106
3708
12837
1945
43565
48905
10457
1919
9762
16133
29369
43393
10104
39339
20989
17053
18369
1407
24604
31548
44178
8158
33655
32038
5930
27850
41570
8214
6283
23183
27307
35743
29674
35803
10881
4423
40262
16108
4084
48399
32951
40127
45500
19846
12651
21213
15545
45521
28468
12628
42836
12838
34339
1702
41221
43624
47520
15199
6971
16463
45191
39794
34687
7863
1495
9880
8068
39577
21956
43286
46602
24178
16570
36926
40149
40948
32437
45866
42442
47290
4873
31366
27688
34735
15874
30379
23004
24606
721
41094
14094
31005
20125
35276
