22565
44510
23960
34904
40122
20835
6117
11829
29576
6778
4383
46391
8271
16910
40729
15844
24012
20583
19773
38695
7276
33736
43294
36419
3368
34100
16087
10319
3695
48382
49062
36449
38756
4184
3871
20737
23181
7003
23091
32351
12293
1400
40222
46236
31474
14736
14234
24602
16058
28806
44602
49011
35865
34521
22866
25464
28722
6588
29391
8119
31686
7827
42216
23998
4619
6418
29403
39732
32851
29682
4445
13627
13224
3684
8878
8985
3141
5617
24209
7831
35838
33730
9998
10473
20120
46817
3269
44805
6272
38692
31312
11862
38876
1063
15675
34912
49555
5274
29908
43125
15527
8402
3506
26754
1476
38787
41049
26911
2067
1683
40405
15278
39408
19478
37106
16638
33504
6638
36282
18409
12108
40295
14445
13564
36773
13496
21763
3321
16111
49518
23946
45234
36608
25521
12213
28063
34868
30065
29384
16358
29691
27883
23443
21587
36548
40742
24263
33354
33064
15111
37566
209
41279
10432
11514
45460
45844
30528
46622
43470
49714
48656
37738
40986
30039
23995
18316
44403
8797
24718
1630
11985
48303
37038
43546
28300
47088
28167
708
42370
34334
42439
20533
25152
28706
1131
26892
18287
30865
3530
26469
21332
18679
27362
2322
47018
35946
24332
37119
17122
12825
40810
42311
48066
20968
41553
47265
7154
47129
41469
1982
43616
13057
3455
16411
14494
47382
48090
28703
13477
21488
11598
25591
46897
35006
14497
15966
43189
33205
47361
9084
30586
27434
14190
26374
26313
12823
25773
40123
20803
29713
38172
18030
40675
17973
11345
265
39654
17964
25402
13662
45846
8721
32070
48459
25597
22150
3496
5708
370
21747
1862
40147
46467
41664
6951
3697
25222
19143
10927
27554
20716
19686
18273
37043
12340
49713
13018
43834
33372
47176
30404
3195
20157
33389
45510
46944
26558
7409
37392
29826
10932
9107
253
2920
29372
32370
38136
4425
36987
34989
8501
24858
30153
19742
30052
23207
40511
49338
6763
26734
14205
43615
7456
40553
44318
25340
37309
39389
15228
36852
20599
4734
21685
26050
36009
41556
24982
44365
30015
40756
21626
9213
26914
48742
41675
16794
39407
39374
27214
34283
21141
3334
40355
17649
18243
49960
14821
26012
33564
15187
4152
43716
27996
41725
2509
12858
49464
47147
48935
5463
13322
17377
31796
31204
30574
45254
49503
27332
35239
47851
32455
11327
5929
15983
5964
33484
22353
17168
18651
41020
46686
40600
28028
49132
40240
37779
35665
47691
13404
27095
39957
13145
23377
40502
8353
5804
19444
31663
19968
2458
33969
17102
3914
48950
17943
15556
5610
41303
15002
3254
42392
35991
8406
18673
26136
16018
5980
17672
13731
6260
27937
40148
11978
49725
33370
22648
34377
48856
23056
46427
32853
16788
28737
14463
33359
25127
16865
47818
1529
10468
